0.004831
0.002825
0.000000
0.004673
-0.000047
0.000942
0.000309
0.000165
-0.000038
0.004237
0.000029
0.003908
0.002520
0.000044
0.001102
0.004836
0.004537
0.002068
0.003847
-0.000045
0.000633
0.000000
0.000119
0.004002
0.001568
0.000014
0.000030
0.000526
0.003642
0.004187
0.000256
0.000000
0.003891
0.002410
0.004738
0.000937
0.000052
0.003129
-0.000046
0.004520
0.000285
0.001205
-0.000030
0.000028
0.000501
0.000035
0.004841
-0.000044
0.004399
0.003440
0.004019
0.000647
0.002101
0.000024
0.000030
0.000095
0.001820
0.003776
0.000028
0.004517
0.002268
0.001159
0.000064
0.004713
-0.000045
-0.000037
0.002906
0.004209
0.000000
0.000280
0.000301
0.000839
0.003888
0.000035
0.000025
0.000106
0.000562
0.002091
0.000010
0.004803
0.004034
-0.000044
0.003764
0.003816
0.004354
0.000703
0.001723
0.001086
0.004244
0.003882
0.002415
-0.000027
0.003165
-0.000044
0.004438
0.000000
0.000304
0.000044
0.000895
0.004634
0.000026
0.000163
0.000000
0.000474
0.001754
0.003572
0.000033
-0.000043
0.004346
0.003692
0.000015
0.001916
0.004051
0.004769
0.000137
0.000609
0.004565
0.000197
0.000820
0.000000
0.004611
0.003874
0.004201
0.000063
0.000025
-0.000034
-0.000042
0.001411
0.002649
0.000348
0.002861
0.000598
0.002178
0.000022
0.001519
0.003987
0.000030
0.000008
0.003820
0.003881
-0.000041
0.000136
0.000690
0.004382
0.004718
0.000026
0.000059
0.001438
0.004429
0.003875
0.000257
0.002414
0.004629
0.004225
0.000203
-0.000026
0.001058
0.002946
-0.000041
0.000000
0.003740
0.003756
-0.000041
0.004343
0.003987
0.000054
0.000616
0.002113
0.000032
0.000496
0.001824
0.000138
0.000023
0.004737
0.000000
0.002980
-0.000033
-0.000041
0.000041
0.004407
0.000226
0.004163
0.002820
0.000253
0.001021
0.000025
0.003879
0.000804
0.004566
0.000512
0.000021
0.000027
0.004416
0.003711
0.000000
0.003835
-0.000038
0.001543
0.000483
0.000114
0.003994
0.004706
0.002132
0.004568
0.004198
0.000055
0.000940
-0.000025
0.003155
0.000025
0.002556
0.001297
0.000296
0.003889
0.000000
0.004606
0.000298
-0.000041
0.003807
0.001749
0.000078
0.000023
0.000592
0.000612
0.004697
0.003993
0.000099
-0.000037
0.000027
0.002185
0.003725
0.004394
0.000868
0.004567
0.000301
-0.000040
0.001042
0.002737
0.004203
0.000064
0.003874
0.000000
0.004590
0.000295
0.003157
0.000023
-0.000021
0.002045
0.000108
0.000553
0.001723
0.000022
0.003691
0.004718
0.004081
-0.000039
0.004329
0.000464
0.003974
0.000026
0.000024
0.000062
0.003147
0.000000
0.000023
0.004162
0.004405
-0.000015
0.003874
0.000282
-0.000041
0.002518
0.000195
0.004533
0.001214
0.000824
0.003802
0.000476
0.004356
0.002213
0.003937
0.000122
0.004701
0.001814
-0.000040
0.000043
0.004004
0.000021
0.000028
0.000660
0.003856
0.000056
0.000271
-0.000022
-0.000041
0.000847
0.001155
0.004582
0.000288
0.000000
0.002572
0.004135
0.003219
0.000023
0.004392
0.000498
0.004697
0.000713
0.001935
-0.000037
0.000030
0.000020
0.000044
0.000153
0.004044
0.004410
0.001776
0.003942
0.003698
0.000241
0.000022
0.004139
0.004543
0.001403
0.004598
0.003176
0.000043
0.000999
0.000187
0.002610
-0.000017
0.000000
0.003856
-0.000040
0.004750
0.000029
0.002126
0.004382
0.001471
0.003448
0.003788
0.000073
0.000575
0.000000
0.000652
0.000102
0.003938
-0.000038
0.000192
0.004578
0.003213
0.001426
0.004415
0.000024
0.000041
0.000893
-0.000041
0.002435
0.004174
0.000000
0.000337
-0.000019
0.003840
0.004795
0.000513
0.000029
0.000020
0.002011
0.003517
0.000127
0.000016
0.004404
0.003945
0.000522
0.003693
-0.000039
0.001562
0.004169
0.000960
0.000056
-0.000041
0.003404
0.004627
0.003835
0.004455
0.000329
0.002700
0.000274
0.000025
-0.000020
0.000000
0.001170
-0.000041
0.004329
0.003767
0.003934
0.000159
0.001979
0.003819
0.000033
0.000681
0.004817
0.001631
0.000027
0.000609
0.000020
0.002672
0.003841
0.001411
-0.000041
0.004582
0.004611
0.000052
0.003335
-0.000015
0.000024
0.000187
0.000353
0.001003
0.000000
0.004200
0.004773
0.000106
0.000485
0.000034
0.001541
0.002226
0.000022
0.000600
0.000018
0.003709
0.004347
0.003962
-0.000039
0.003998
0.003058
0.000000
0.000065
0.000215
0.002626
0.000347
-0.000022
-0.000042
0.001017
0.003862
0.004176
0.000025
0.004465
0.001038
0.004627
0.000012
0.004740
0.000484
0.004061
0.000028
0.000107
0.003824
0.001996
-0.000041
0.003990
0.004365
0.000021
0.000525
0.001636
0.004150
-0.000034
0.002532
0.002857
0.000311
0.004556
0.004457
0.003870
0.001026
0.001143
0.000000
0.000289
0.000061
0.000025
-0.000042
0.003765
0.003871
0.004421
0.004782
0.000563
0.000028
0.001875
0.000147
0.000012
0.002336
0.000000
-0.000041
0.003982
0.000530
0.003061
0.003876
0.004192
0.004642
0.002707
0.000045
-0.000042
0.001018
0.000290
0.000349
0.000000
-0.000024
0.004536
0.000023
0.000888
0.003992
0.001743
0.000564
0.000022
0.003745
0.004060
-0.000041
0.000669
0.000105
0.004759
0.001947
0.000071
0.004351
0.000028
0.002751
0.000000
0.003255
0.000237
0.004203
0.004564
0.000065
0.001194
0.000234
0.003858
-0.000043
-0.000023
0.000024
0.000965
0.004591
0.004415
0.000505
0.000021
0.000029
0.000514
-0.000040
0.001642
0.003980
0.003828
0.000105
0.004800
0.000022
0.002329
0.003786
0.002775
0.004589
0.004166
0.003857
0.000000
0.004430
-0.000020
0.003107
0.000991
0.000264
-0.000042
0.000024
0.000051
0.000187
0.001095
0.000000
0.001779
0.004376
0.000149
-0.000042
0.000569
0.000012
0.003969
0.000457
0.004056
0.002328
0.000031
0.004807
0.003828
-0.000026
-0.000042
0.000023
0.004156
0.003867
0.002742
0.000974
0.004650
0.004618
0.001066
0.000207
0.000000
0.000246
0.000057
0.003205
0.003730
0.000016
0.000729
-0.000042
0.001656
0.003733
0.004008
0.000027
0.000104
0.000502
0.001934
0.004428
0.000021
0.004806
0.000022
0.000045
0.000000
0.000255
0.004144
0.001328
0.000236
0.000807
-0.000042
0.004677
0.002311
0.004492
-0.000035
0.003163
0.003851
0.003993
0.000588
0.003823
0.001809
0.003573
0.002132
0.000105
0.000020
0.000020
0.000028
0.004827
0.004372
-0.000042
0.000675
0.000000
-0.000041
0.001061
0.000046
0.004704
0.002978
0.004488
0.004184
0.000870
0.000022
0.000277
-0.000031
0.000246
0.002329
0.003857
0.003716
0.000012
0.000026
0.004792
0.000712
-0.000042
0.003971
0.001569
0.003959
0.000020
0.002261
0.000159
0.004466
0.000440
-0.000033
0.000045
-0.000042
0.003846
0.004616
0.004656
0.000898
0.000022
0.000000
0.002501
0.003353
0.000170
0.004173
0.001144
0.000322
0.000159
0.004002
0.001557
0.004463
0.004849
-0.000042
0.000019
0.002167
0.000028
0.003655
0.003904
0.000041
0.000562
0.000732
0.002563
-0.000037
0.000252
0.000000
0.000024
0.003029
-0.000042
0.000968
0.001333
0.003840
0.004179
0.004730
0.000180
0.004486
0.000068
0.002229
0.004901
-0.000043
0.000148
0.004012
0.000005
0.001488
0.000020
0.003689
0.004000
0.000031
0.004433
0.000481
0.000608
0.000247
0.001043
0.003123
0.000000
-0.000042
0.000024
0.000043
-0.000025
0.000246
0.004532
0.002460
0.001274
0.004711
0.003841
0.004150
-0.000042
0.001653
0.000026
0.000103
0.003996
0.002222
0.000418
0.003828
0.000727
0.004390
0.000020
0.003688
-0.000004
0.004875
0.000333
0.004600
0.000057
0.003860
0.002313
0.001030
0.000237
0.000000
0.004788
0.000022
0.001047
-0.000032
0.003280
-0.000041
0.004253
0.000027
0.000138
0.000021
0.003971
0.004413
0.000031
0.000501
0.003570
0.000427
0.001694
0.002286
0.004948
0.003734
-0.000042
0.000023
0.004171
-0.000039
0.004821
0.002578
0.000323
-0.000041
0.000842
0.000000
0.003013
0.000195
0.000968
0.003869
0.004753
0.000041
-0.000000
0.004920
0.001900
0.003956
0.004039
0.000492
0.000110
0.001775
0.004491
0.003789
0.000000
-0.000042
0.000031
0.000459
0.002583
-0.000041
0.000000
0.000059
0.000228
0.000023
0.004273
0.003323
-0.000041
0.004771
0.003917
0.004816
0.001158
0.000950
0.000238
0.004471
0.001888
-0.000006
0.000000
0.003696
0.003864
0.004069
0.000523
0.005041
-0.000042
0.000118
0.000647
0.000030
0.001766
0.000000
0.000000
0.000000
0.000000
0.000000
0.000000
0.000000
0.000000
0.000000
0.000000
0.000000
0.000000
0.000000
0.000000
0.000000
0.000000
0.000000
0.000000
0.000000
0.000000
0.000000
0.000000
0.000000
0.000000
0.000000
0.000000
0.000000
0.000000
0.000000
0.000000
0.000000
0.000000
0.000000
0.000021
0.000023
0.000029
0.000048
0.000109
0.000254
0.000550
0.001069
0.001912
0.002969
0.003768
0.003932
0.004060
0.004289
0.004562
0.004919
0.004999
0.004620
0.003633
0.002414
0.001540
0.000877
0.000478
0.000174
0.000004
-0.000040
-0.000043
-0.000040
-0.000000
0.000000
-0.000047
0.000000
-0.000046
0.000000
-0.000045
0.000000
-0.000044
0.000000
-0.000043
-0.000042
0.000000
0.000000
-0.000041
-0.000041
0.000000
0.000000
-0.000041
-0.000041
0.000000
-0.000041
0.000000
-0.000041
0.000000
0.000000
-0.000041
0.000000
-0.000041
0.000000
-0.000042
-0.000042
0.000000
-0.000042
0.000000
0.000000
-0.000043
0.000000
-0.000043
0.000000
-0.000043
-0.000042
0.000000
0.000000
-0.000042
-0.000042
0.000000
0.000000
-0.000042
0.000000
-0.000041
0.000000
-0.000041
-0.000040
0.000000
0.000000
-0.000040
-0.000040
0.000000
