961
4806  0.0000e+000  3.7400e+003  2.5801e-002  2.5935e-005
4807  0.0000e+000  5.7310e+003  2.7400e-002  2.7705e-005
4808  1.9997e+003  3.7400e+003  3.1118e-001  2.5255e-005
4809  1.9997e+003  5.7300e+003  1.4313e+000  2.8330e-005
4810  3.9999e+003  3.7400e+003  7.0094e-001  2.4104e-005
4811  3.9998e+003  5.7293e+003  1.2882e+000  2.7283e-005
4812  6.0000e+003  3.7400e+003  5.3784e-001  2.4332e-005
4813  6.0000e+003  5.7292e+003  9.7142e-001  2.7110e-005
4814  7.9999e+003  3.7400e+003  3.8297e-002  2.3808e-005
4815  7.9999e+003  5.7292e+003  1.0093e-001  2.6216e-005
4816  9.9999e+003  3.7400e+003  5.7058e-001  2.2062e-005
4817  9.9998e+003  5.7293e+003  7.8812e-001  2.4780e-005
4818  1.2000e+004  3.7400e+003  6.7973e-001  2.3157e-005
4819  1.2000e+004  5.7291e+003  9.5116e-001  2.4414e-005
4820  1.4000e+004  3.7400e+003  7.3233e-001  2.2776e-005
4821  1.4000e+004  5.7292e+003  1.3293e+000  2.4234e-005
4822  1.6000e+004  3.7400e+003  5.5319e-001  2.2995e-005
4823  1.6000e+004  5.7292e+003  6.3537e-001  2.3769e-005
4824  1.8000e+004  3.7400e+003  6.3804e-002  2.1474e-005
4825  1.8000e+004  5.7293e+003  1.4211e-001  2.2376e-005
4826  2.0000e+004  3.7400e+003  5.8577e-001  2.0740e-005
4827  2.0000e+004  5.7291e+003  8.9112e-001  2.1965e-005
4828  2.2000e+004  3.7400e+003  7.7810e-001  1.9757e-005
4829  2.2000e+004  5.7290e+003  1.4996e+000  2.1393e-005
4830  2.4000e+004  3.7400e+003  2.9989e-001  1.9261e-005
4831  2.4000e+004  5.7291e+003  5.2065e-001  2.2360e-005
4832  2.6000e+004  3.7400e+003  4.1434e-001  2.0020e-005
4833  2.6000e+004  5.7291e+003  4.8812e-001  2.2819e-005
4834  2.8000e+004  3.7400e+003  3.9471e-001  1.9791e-005
4835  2.8000e+004  5.7291e+003  9.8900e-001  2.3198e-005
4836  3.0000e+004  3.7400e+003  7.8098e-001  2.0699e-005
4837  3.0000e+004  5.7291e+003  1.3919e+000  2.4714e-005
4838  3.2000e+004  3.7400e+003  5.9337e-001  2.0537e-005
4839  3.2000e+004  5.7292e+003  1.1221e+000  2.3025e-005
4840  3.4000e+004  3.7400e+003  2.3975e-001  2.0725e-005
4841  3.4000e+004  5.7292e+003  5.9583e-001  2.3252e-005
4842  3.6000e+004  3.7400e+003  3.5968e-001  2.1294e-005
4843  3.6000e+004  5.7291e+003  1.5417e-001  2.3569e-005
4844  3.8000e+004  3.7400e+003  8.7620e-001  2.1070e-005
4845  3.8000e+004  5.7290e+003  9.6597e-001  2.3024e-005
4846  4.0000e+004  3.7400e+003  5.9133e-001  2.0096e-005
4847  4.0000e+004  5.7291e+003  8.9061e-001  2.3255e-005
4848  4.2000e+004  3.7400e+003  1.8917e-001  1.9420e-005
4849  4.2000e+004  5.7290e+003  2.9752e-001  2.2051e-005
4850  4.4000e+004  3.7400e+003  3.7856e-001  2.0195e-005
4851  4.4000e+004  5.7291e+003  4.6677e-001  2.0473e-005
4852  4.6000e+004  3.7400e+003  7.9578e-001  1.9156e-005
4853  4.6000e+004  5.7292e+003  1.1612e+000  2.0399e-005
4854  4.8000e+004  3.7400e+003  8.3649e-001  1.8912e-005
4855  4.8000e+004  5.7291e+003  1.6250e+000  2.2073e-005
4856  5.0000e+004  3.7400e+003  4.6729e-001  2.0222e-005
4857  5.0000e+004  5.7291e+003  1.3989e+000  2.2659e-005
4858  5.2000e+004  3.7400e+003  4.4813e-001  1.9600e-005
4859  5.2000e+004  5.7292e+003  9.1262e-001  2.2222e-005
4860  5.4000e+004  3.7400e+003  8.5640e-002  2.0048e-005
4861  5.4000e+004  5.7293e+003  1.7019e-001  2.2066e-005
4862  5.6000e+004  3.7400e+003  3.3993e-001  2.0925e-005
4863  5.6000e+004  5.7295e+003  7.0596e-001  2.2371e-005
4864  5.8000e+004  3.7400e+003  6.8583e-001  2.1788e-005
4865  5.8000e+004  5.7299e+003  1.4848e+000  2.2462e-005
4866  6.0000e+004  3.7400e+003  2.5647e+000  2.0752e-005
4867  6.0000e+004  5.7309e+003  2.5661e+000  2.2195e-005
4868  0.0000e+000  7.7209e+003  3.1803e-002  3.2194e-005
4869  1.9996e+003  7.7187e+003  1.3250e+000  3.0984e-005
4870  3.9998e+003  7.7173e+003  1.0665e+000  3.0078e-005
4871  5.9999e+003  7.7169e+003  5.1100e-001  3.0120e-005
4872  7.9999e+003  7.7170e+003  8.6407e-001  2.9726e-005
4873  9.9998e+003  7.7171e+003  3.2705e-001  3.0003e-005
4874  1.2000e+004  7.7167e+003  1.3270e+000  2.8478e-005
4875  1.4000e+004  7.7169e+003  1.5987e+000  2.7490e-005
4876  1.6000e+004  7.7170e+003  6.0392e-001  2.7307e-005
4877  1.8000e+004  7.7171e+003  3.0441e-001  2.6909e-005
4878  2.0000e+004  7.7166e+003  8.0167e-001  2.6030e-005
4879  2.2000e+004  7.7165e+003  1.9019e+000  2.6001e-005
4880  2.4000e+004  7.7168e+003  1.2820e+000  2.6405e-005
4881  2.6000e+004  7.7168e+003  3.0718e-001  2.7201e-005
4882  2.8000e+004  7.7168e+003  1.4325e+000  2.8349e-005
4883  3.0000e+004  7.7167e+003  1.8328e+000  2.9151e-005
4884  3.2000e+004  7.7170e+003  9.0201e-001  2.8298e-005
4885  3.4000e+004  7.7169e+003  2.7485e-001  2.8878e-005
4886  3.6000e+004  7.7167e+003  5.1039e-001  2.9196e-005
4887  3.8000e+004  7.7166e+003  1.3032e+000  2.8594e-005
4888  4.0000e+004  7.7166e+003  1.2721e+000  2.6499e-005
4889  4.2000e+004  7.7165e+003  7.8627e-001  2.5436e-005
4890  4.4000e+004  7.7168e+003  3.1612e-001  2.5063e-005
4891  4.6000e+004  7.7169e+003  6.4018e-001  2.4994e-005
4892  4.8000e+004  7.7166e+003  1.7149e+000  2.5877e-005
4893  5.0000e+004  7.7166e+003  2.0269e+000  2.6185e-005
4894  5.2000e+004  7.7169e+003  1.0659e+000  2.5672e-005
4895  5.4000e+004  7.7173e+003  3.5654e-001  2.6281e-005
4896  5.6000e+004  7.7177e+003  6.8784e-001  2.8312e-005
4897  5.8000e+004  7.7185e+003  1.6839e+000  2.6413e-005
4898  6.0000e+004  7.7207e+003  2.5705e+000  2.6829e-005
4899  0.0000e+000  9.7080e+003  4.2929e-002  4.3166e-005
4900  1.9995e+003  9.7044e+003  2.5508e+000  4.3704e-005
4901  3.9997e+003  9.7020e+003  1.2051e+000  4.3134e-005
4902  5.9999e+003  9.7012e+003  6.9242e-001  4.4107e-005
4903  7.9999e+003  9.7012e+003  1.6021e+000  4.3675e-005
4904  9.9998e+003  9.7013e+003  1.3276e+000  4.4208e-005
4905  1.2000e+004  9.7008e+003  1.1199e+000  4.2476e-005
4906  1.4000e+004  9.7011e+003  1.3365e+000  4.2710e-005
4907  1.6000e+004  9.7012e+003  9.2727e-001  4.1549e-005
4908  1.8000e+004  9.7014e+003  1.8668e+000  4.1783e-005
4909  2.0000e+004  9.7006e+003  1.3205e+000  4.1252e-005
4910  2.2000e+004  9.7004e+003  2.2557e+000  4.1759e-005
4911  2.4000e+004  9.7008e+003  1.5559e+000  4.1299e-005
4912  2.6000e+004  9.7009e+003  9.6458e-001  4.1855e-005
4913  2.8000e+004  9.7008e+003  2.2640e+000  4.3119e-005
4914  3.0000e+004  9.7008e+003  2.7500e+000  4.3102e-005
4915  3.2000e+004  9.7012e+003  1.5908e+000  4.3806e-005
4916  3.4000e+004  9.7011e+003  3.7404e-001  4.3025e-005
4917  3.6000e+004  9.7007e+003  8.0444e-001  4.3507e-005
4918  3.8000e+004  9.7005e+003  2.1559e+000  4.2244e-005
4919  4.0000e+004  9.7006e+003  2.6321e+000  4.1942e-005
4920  4.2000e+004  9.7004e+003  2.6645e+000  4.0936e-005
4921  4.4000e+004  9.7008e+003  1.4164e+000  4.0599e-005
4922  4.6000e+004  9.7009e+003  6.5735e-001  4.0688e-005
4923  4.8000e+004  9.7006e+003  1.9142e+000  4.2452e-005
4924  5.0000e+004  9.7006e+003  3.2038e+000  4.1306e-005
4925  5.2000e+004  9.7011e+003  1.9122e+000  4.1612e-005
4926  5.4000e+004  9.7018e+003  7.1719e-001  4.0461e-005
4927  5.6000e+004  9.7027e+003  4.7122e-001  4.1255e-005
4928  5.8000e+004  9.7041e+003  1.9314e+000  4.0581e-005
4929  6.0000e+004  9.7077e+003  2.5846e+000  4.0735e-005
4930  0.0000e+000  1.1689e+004  8.9757e-002  9.0682e-005
4931  1.9994e+003  1.1683e+004  4.2947e+000  9.2871e-005
4932  3.9996e+003  1.1680e+004  2.3424e+000  9.3430e-005
4933  5.9998e+003  1.1678e+004  1.4692e+000  9.7973e-005
4934  7.9998e+003  1.1678e+004  3.6297e+000  9.9322e-005
4935  9.9997e+003  1.1678e+004  2.4336e+000  1.0175e-004
4936  1.2000e+004  1.1677e+004  3.3944e+000  9.9214e-005
4937  1.4000e+004  1.1678e+004  2.2684e+000  1.0045e-004
4938  1.6000e+004  1.1678e+004  3.0447e+000  1.0235e-004
4939  1.8000e+004  1.1678e+004  4.6122e+000  1.0462e-004
4940  2.0000e+004  1.1677e+004  2.3684e+000  1.0628e-004
4941  2.2000e+004  1.1676e+004  4.7023e+000  1.0610e-004
4942  2.4000e+004  1.1677e+004  2.7160e+000  1.0840e-004
4943  2.6000e+004  1.1677e+004  3.5609e+000  1.0713e-004
4944  2.8000e+004  1.1677e+004  5.4387e+000  1.1014e-004
4945  3.0000e+004  1.1677e+004  2.0599e+000  1.0718e-004
4946  3.2000e+004  1.1678e+004  1.0096e+000  1.0651e-004
4947  3.4000e+004  1.1678e+004  3.2744e+000  1.0633e-004
4948  3.6000e+004  1.1677e+004  2.2894e+000  1.0422e-004
4949  3.8000e+004  1.1677e+004  2.6837e+000  1.0556e-004
4950  4.0000e+004  1.1677e+004  6.7132e+000  1.0350e-004
4951  4.2000e+004  1.1676e+004  4.5015e+000  1.0714e-004
4952  4.4000e+004  1.1677e+004  1.6558e+000  1.0579e-004
4953  4.6000e+004  1.1677e+004  4.6192e+000  1.0849e-004
4954  4.8000e+004  1.1677e+004  7.0730e+000  1.0564e-004
4955  5.0000e+004  1.1677e+004  6.7461e+000  1.0621e-004
4956  5.2000e+004  1.1678e+004  2.7259e+000  1.0342e-004
4957  5.4000e+004  1.1679e+004  4.4122e+000  9.8806e-005
4958  5.6000e+004  1.1681e+004  1.6881e+000  9.3977e-005
4959  5.8000e+004  1.1683e+004  4.2628e+000  9.1324e-005
4960  6.0000e+004  1.1688e+004  2.6334e+000  8.9649e-005
4961  0.0000e+000  1.3654e+004  2.0448e-001  2.0535e-004
4962  1.9992e+003  1.3647e+004  1.5335e+001  2.1731e-004
4963  3.9993e+003  1.3641e+004  4.4739e+000  2.1903e-004
4964  5.9996e+003  1.3639e+004  1.4394e+001  2.2704e-004
4965  7.9996e+003  1.3638e+004  8.4818e+000  2.2800e-004
4966  9.9996e+003  1.3638e+004  1.1411e+001  2.3240e-004
4967  1.2000e+004  1.3637e+004  6.0344e+000  2.3345e-004
4968  1.4000e+004  1.3637e+004  9.5152e+000  2.3354e-004
4969  1.6000e+004  1.3637e+004  4.4748e+000  2.3832e-004
4970  1.8000e+004  1.3638e+004  1.4753e+001  2.3998e-004
4971  2.0000e+004  1.3636e+004  1.3134e+001  2.4458e-004
4972  2.2000e+004  1.3635e+004  9.9380e+000  2.4794e-004
4973  2.4000e+004  1.3636e+004  9.6787e+000  2.5035e-004
4974  2.6000e+004  1.3636e+004  6.7719e+000  2.4789e-004
4975  2.8000e+004  1.3637e+004  1.4601e+001  2.4534e-004
4976  3.0000e+004  1.3637e+004  6.2804e+000  2.4150e-004
4977  3.2000e+004  1.3637e+004  1.0941e+001  2.4090e-004
4978  3.4000e+004  1.3637e+004  6.8522e+000  2.4176e-004
4979  3.6000e+004  1.3636e+004  1.3997e+001  2.4369e-004
4980  3.8000e+004  1.3636e+004  5.2507e+000  2.4183e-004
4981  4.0000e+004  1.3635e+004  1.2659e+001  2.4679e-004
4982  4.2000e+004  1.3635e+004  1.4849e+001  2.4608e-004
4983  4.4000e+004  1.3636e+004  8.9448e+000  2.4438e-004
4984  4.6000e+004  1.3636e+004  3.5590e+000  2.4511e-004
4985  4.8000e+004  1.3636e+004  8.5810e+000  2.4622e-004
4986  5.0000e+004  1.3636e+004  1.3844e+001  2.4523e-004
4987  5.2001e+004  1.3638e+004  1.2125e+001  2.4143e-004
4988  5.4001e+004  1.3640e+004  1.2530e+001  2.2753e-004
4989  5.6001e+004  1.3643e+004  4.5483e+000  2.2589e-004
4990  5.8001e+004  1.3647e+004  6.8112e+000  2.1779e-004
4991  6.0000e+004  1.3653e+004  2.7523e+000  2.0870e-004
4992  0.0000e+000  1.5587e+004  4.5757e-001  4.5872e-004
4993  1.9988e+003  1.5579e+004  1.7609e+001  4.8205e-004
4994  3.9989e+003  1.5571e+004  2.4612e+001  5.0437e-004
4995  5.9992e+003  1.5567e+004  2.7152e+001  5.1667e-004
4996  7.9993e+003  1.5566e+004  3.0845e+001  5.1364e-004
4997  9.9993e+003  1.5566e+004  2.2143e+001  5.0877e-004
4998  1.1999e+004  1.5564e+004  3.4362e+001  5.1878e-004
4999  1.4000e+004  1.5564e+004  2.6744e+001  5.1651e-004
5000  1.6000e+004  1.5565e+004  1.1102e+001  5.1411e-004
5001  1.7999e+004  1.5565e+004  3.2215e+001  5.1017e-004
5002  1.9999e+004  1.5562e+004  2.9620e+001  5.1729e-004
5003  2.2000e+004  1.5561e+004  4.3433e+001  5.2608e-004
5004  2.4000e+004  1.5562e+004  2.0981e+001  5.2019e-004
5005  2.6000e+004  1.5563e+004  2.4121e+001  5.2201e-004
5006  2.8000e+004  1.5563e+004  2.1834e+001  5.1246e-004
5007  3.0000e+004  1.5563e+004  2.6195e+001  5.1367e-004
5008  3.2000e+004  1.5565e+004  1.6741e+001  5.0298e-004
5009  3.4000e+004  1.5564e+004  2.8230e+001  5.1402e-004
5010  3.6000e+004  1.5563e+004  2.8581e+001  5.1245e-004
5011  3.8000e+004  1.5562e+004  1.0850e+001  5.1128e-004
5012  4.0000e+004  1.5561e+004  3.8176e+001  5.2169e-004
5013  4.2000e+004  1.5560e+004  4.4478e+001  5.2042e-004
5014  4.4000e+004  1.5562e+004  2.2964e+001  5.1768e-004
5015  4.6000e+004  1.5562e+004  2.7950e+001  5.2082e-004
5016  4.8001e+004  1.5562e+004  2.3652e+001  5.2636e-004
5017  5.0001e+004  1.5563e+004  3.5871e+001  5.1760e-004
5018  5.2001e+004  1.5566e+004  4.3600e+001  5.1384e-004
5019  5.4001e+004  1.5570e+004  2.0465e+001  4.9017e-004
5020  5.6001e+004  1.5574e+004  1.5366e+001  4.8216e-004
5021  5.8001e+004  1.5579e+004  4.3419e+001  4.7765e-004
5022  6.0000e+004  1.5587e+004  3.0050e+000  4.6166e-004
5023  0.0000e+000  1.7467e+004  9.0597e-001  9.0723e-004
5024  1.9984e+003  1.7458e+004  3.1142e+001  9.3018e-004
5025  3.9983e+003  1.7446e+004  7.1462e+001  9.7740e-004
5026  5.9987e+003  1.7441e+004  8.2074e+001  9.8990e-004
5027  7.9989e+003  1.7441e+004  4.8105e+001  9.7924e-004
5028  9.9989e+003  1.7440e+004  2.9433e+001  9.7448e-004
5029  1.1999e+004  1.7437e+004  7.2250e+001  9.9344e-004
5030  1.3999e+004  1.7437e+004  7.4677e+001  9.8556e-004
5031  1.5999e+004  1.7439e+004  2.8555e+001  9.6721e-004
5032  1.7999e+004  1.7439e+004  4.7132e+001  9.6546e-004
5033  1.9999e+004  1.7434e+004  9.3926e+001  9.9044e-004
5034  2.2000e+004  1.7433e+004  8.1137e+001  9.9991e-004
5035  2.4000e+004  1.7435e+004  3.7925e+001  9.8284e-004
5036  2.6000e+004  1.7435e+004  8.5143e+001  9.8687e-004
5037  2.8000e+004  1.7436e+004  3.5085e+001  9.7216e-004
5038  3.0000e+004  1.7436e+004  6.8262e+001  9.7684e-004
5039  3.2000e+004  1.7439e+004  2.0258e+001  9.4930e-004
5040  3.4000e+004  1.7438e+004  7.8020e+001  9.5976e-004
5041  3.6000e+004  1.7435e+004  7.7868e+001  9.6862e-004
5042  3.8000e+004  1.7435e+004  4.0320e+001  9.6631e-004
5043  4.0000e+004  1.7433e+004  9.8423e+001  9.8382e-004
5044  4.2000e+004  1.7432e+004  9.5691e+001  9.8037e-004
5045  4.4001e+004  1.7435e+004  5.6083e+001  9.7174e-004
5046  4.6001e+004  1.7435e+004  4.2841e+001  9.6568e-004
5047  4.8001e+004  1.7434e+004  7.3647e+001  9.8168e-004
5048  5.0001e+004  1.7436e+004  5.5337e+001  9.7751e-004
5049  5.2001e+004  1.7440e+004  8.8228e+001  9.6803e-004
5050  5.4001e+004  1.7448e+004  2.4430e+001  9.2374e-004
5051  5.6001e+004  1.7452e+004  7.6371e+001  9.2262e-004
5052  5.8001e+004  1.7459e+004  8.4048e+001  9.1037e-004
5053  6.0000e+004  1.7468e+004  3.4062e+000  8.6379e-004
5054  0.0000e+000  1.9272e+004  1.6161e+000  1.6155e-003
5055  1.9977e+003  1.9261e+004  6.5175e+001  1.6630e-003
5056  3.9975e+003  1.9247e+004  1.6750e+002  1.7354e-003
5057  5.9980e+003  1.9243e+004  1.3832e+002  1.7273e-003
5058  7.9983e+003  1.9241e+004  1.2066e+002  1.7332e-003
5059  9.9983e+003  1.9242e+004  5.3283e+001  1.7153e-003
5060  1.1998e+004  1.9236e+004  1.6461e+002  1.7756e-003
5061  1.3999e+004  1.9237e+004  1.0866e+002  1.7443e-003
5062  1.5999e+004  1.9239e+004  1.0138e+002  1.7433e-003
5063  1.7999e+004  1.9241e+004  5.8154e+001  1.7209e-003
5064  1.9999e+004  1.9233e+004  1.7520e+002  1.7723e-003
5065  2.1999e+004  1.9231e+004  1.2554e+002  1.7673e-003
5066  2.3999e+004  1.9234e+004  8.0761e+001  1.7424e-003
5067  2.6000e+004  1.9234e+004  1.7495e+002  1.7674e-003
5068  2.8000e+004  1.9236e+004  7.9818e+001  1.7380e-003
5069  3.0000e+004  1.9235e+004  1.5001e+002  1.7614e-003
5070  3.2000e+004  1.9240e+004  6.4605e+001  1.7068e-003
5071  3.4000e+004  1.9239e+004  1.5276e+002  1.7188e-003
5072  3.6000e+004  1.9235e+004  1.5364e+002  1.7295e-003
5073  3.8000e+004  1.9235e+004  7.0421e+001  1.7124e-003
5074  4.0000e+004  1.9233e+004  1.5908e+002  1.7443e-003
5075  4.2001e+004  1.9231e+004  1.8285e+002  1.7460e-003
5076  4.4001e+004  1.9236e+004  7.4851e+001  1.7058e-003
5077  4.6001e+004  1.9236e+004  1.4672e+002  1.7279e-003
5078  4.8001e+004  1.9233e+004  1.8197e+002  1.7498e-003
5079  5.0002e+004  1.9237e+004  9.9517e+001  1.7236e-003
5080  5.2002e+004  1.9242e+004  1.6022e+002  1.7300e-003
5081  5.4002e+004  1.9252e+004  7.7442e+001  1.6660e-003
5082  5.6002e+004  1.9258e+004  1.5127e+002  1.6620e-003
5083  5.8002e+004  1.9264e+004  1.7562e+002  1.6408e-003
5084  6.0000e+004  1.9276e+004  4.1041e+000  1.5604e-003
5085  0.0000e+000  2.1006e+004  2.4451e+000  2.4431e-003
5086  1.9967e+003  2.0994e+004  1.5076e+002  2.5023e-003
5087  3.9964e+003  2.0981e+004  2.8233e+002  2.5492e-003
5088  5.9970e+003  2.0977e+004  2.3002e+002  2.5322e-003
5089  7.9975e+003  2.0975e+004  2.6812e+002  2.5635e-003
5090  9.9978e+003  2.0976e+004  8.5686e+001  2.5253e-003
5091  1.1998e+004  2.0969e+004  2.3161e+002  2.5977e-003
5092  1.3998e+004  2.0970e+004  2.0940e+002  2.6026e-003
5093  1.5998e+004  2.0972e+004  1.5658e+002  2.5993e-003
5094  1.7998e+004  2.0975e+004  1.0400e+002  2.5712e-003
5095  1.9998e+004  2.0967e+004  2.6591e+002  2.6122e-003
5096  2.1999e+004  2.0963e+004  2.7557e+002  2.6076e-003
5097  2.3999e+004  2.0967e+004  1.7037e+002  2.5775e-003
5098  2.6000e+004  2.0968e+004  2.0425e+002  2.6078e-003
5099  2.8000e+004  2.0968e+004  1.4899e+002  2.5797e-003
5100  3.0000e+004  2.0967e+004  2.5849e+002  2.6223e-003
5101  3.2000e+004  2.0975e+004  9.8307e+001  2.5491e-003
5102  3.4000e+004  2.0976e+004  1.7806e+002  2.5685e-003
5103  3.6000e+004  2.0970e+004  2.5167e+002  2.5741e-003
5104  3.8000e+004  2.0968e+004  1.8623e+002  2.5598e-003
5105  4.0000e+004  2.0969e+004  1.9256e+002  2.5717e-003
5106  4.2001e+004  2.0966e+004  3.1373e+002  2.5968e-003
5107  4.4001e+004  2.0972e+004  1.8176e+002  2.5462e-003
5108  4.6001e+004  2.0973e+004  1.7992e+002  2.5545e-003
5109  4.8002e+004  2.0968e+004  2.9254e+002  2.5892e-003
5110  5.0002e+004  2.0971e+004  1.9236e+002  2.5538e-003
5111  5.2003e+004  2.0977e+004  2.5187e+002  2.5900e-003
5112  5.4003e+004  2.0988e+004  1.3773e+002  2.5485e-003
5113  5.6002e+004  2.0997e+004  1.7297e+002  2.5383e-003
5114  5.8002e+004  2.1000e+004  2.6599e+002  2.5359e-003
5115  6.0000e+004  2.1012e+004  4.9490e+000  2.4039e-003
5116  0.0000e+000  2.2670e+004  3.3992e+000  3.3961e-003
5117  1.9950e+003  2.2660e+004  2.4005e+002  3.4319e-003
5118  3.9953e+003  2.2651e+004  4.1003e+002  3.4337e-003
5119  5.9965e+003  2.2649e+004  3.5948e+002  3.4226e-003
5120  7.9972e+003  2.2650e+004  2.9889e+002  3.4205e-003
5121  9.9973e+003  2.2646e+004  2.2271e+002  3.4320e-003
5122  1.1998e+004  2.2639e+004  3.7246e+002  3.4908e-003
5123  1.3998e+004  2.2643e+004  2.8375e+002  3.4794e-003
5124  1.5998e+004  2.2643e+004  2.3485e+002  3.4886e-003
5125  1.7998e+004  2.2646e+004  1.4909e+002  3.4667e-003
5126  1.9998e+004  2.2640e+004  3.3322e+002  3.5040e-003
5127  2.1999e+004  2.2635e+004  4.2070e+002  3.5108e-003
5128  2.4000e+004  2.2639e+004  2.7199e+002  3.4608e-003
5129  2.6000e+004  2.2641e+004  2.1688e+002  3.4651e-003
5130  2.8000e+004  2.2638e+004  2.7435e+002  3.4881e-003
5131  3.0000e+004  2.2640e+004  2.9499e+002  3.4932e-003
5132  3.2000e+004  2.2644e+004  2.3519e+002  3.4904e-003
5133  3.3999e+004  2.2650e+004  1.8553e+002  3.4484e-003
5134  3.5999e+004  2.2644e+004  3.8041e+002  3.4820e-003
5135  3.8000e+004  2.2640e+004  3.4062e+002  3.4644e-003
5136  4.0000e+004  2.2645e+004  1.9435e+002  3.4263e-003
5137  4.2001e+004  2.2641e+004  4.4019e+002  3.5015e-003
5138  4.4002e+004  2.2646e+004  2.9009e+002  3.4503e-003
5139  4.6002e+004  2.2649e+004  2.0836e+002  3.4348e-003
5140  4.8002e+004  2.2644e+004  3.9613e+002  3.4633e-003
5141  5.0003e+004  2.2643e+004  3.7249e+002  3.4626e-003
5142  5.2004e+004  2.2651e+004  2.7122e+002  3.4442e-003
5143  5.4004e+004  2.2659e+004  2.1126e+002  3.4567e-003
5144  5.6003e+004  2.2668e+004  1.7065e+002  3.4337e-003
5145  5.8003e+004  2.2670e+004  3.5854e+002  3.4834e-003
5146  6.0000e+004  2.2678e+004  5.9036e+000  3.3573e-003
5147  0.0000e+000  2.4385e+004  3.8791e+000  3.8757e-003
5148  1.9952e+003  2.4383e+004  2.9447e+002  3.8813e-003
5149  3.9950e+003  2.4379e+004  5.1472e+002  3.8467e-003
5150  5.9964e+003  2.4379e+004  5.1295e+002  3.8570e-003
5151  7.9968e+003  2.4380e+004  2.5652e+002  3.8471e-003
5152  9.9969e+003  2.4376e+004  3.9787e+002  3.8534e-003
5153  1.1998e+004  2.4372e+004  5.3802e+002  3.8516e-003
5154  1.3998e+004  2.4374e+004  3.3059e+002  3.8541e-003
5155  1.5998e+004  2.4373e+004  4.6040e+002  3.8539e-003
5156  1.7998e+004  2.4375e+004  2.2654e+002  3.8447e-003
5157  1.9998e+004  2.4372e+004  3.6823e+002  3.8378e-003
5158  2.1999e+004  2.4370e+004  5.0442e+002  3.8368e-003
5159  2.3999e+004  2.4371e+004  3.7197e+002  3.8283e-003
5160  2.6000e+004  2.4371e+004  3.2292e+002  3.8183e-003
5161  2.8000e+004  2.4369e+004  4.6210e+002  3.8255e-003
5162  3.0000e+004  2.4371e+004  3.6828e+002  3.8302e-003
5163  3.2000e+004  2.4375e+004  3.9599e+002  3.8623e-003
5164  3.4000e+004  2.4380e+004  2.1053e+002  3.8635e-003
5165  3.6000e+004  2.4378e+004  4.1156e+002  3.8564e-003
5166  3.8000e+004  2.4374e+004  4.8176e+002  3.8255e-003
5167  4.0001e+004  2.4376e+004  3.5400e+002  3.8158e-003
5168  4.2001e+004  2.4377e+004  4.7437e+002  3.8463e-003
5169  4.4002e+004  2.4379e+004  3.2604e+002  3.8472e-003
5170  4.6002e+004  2.4380e+004  2.7839e+002  3.8355e-003
5171  4.8002e+004  2.4379e+004  4.3474e+002  3.8246e-003
5172  5.0003e+004  2.4376e+004  5.5540e+002  3.7972e-003
5173  5.2004e+004  2.4380e+004  3.7977e+002  3.8101e-003
5174  5.4004e+004  2.4384e+004  4.0525e+002  3.8350e-003
5175  5.6004e+004  2.4390e+004  3.0346e+002  3.8850e-003
5176  5.8003e+004  2.4391e+004  4.2981e+002  3.9466e-003
5177  6.0000e+004  2.4392e+004  6.4368e+000  3.8898e-003
5178  0.0000e+000  2.6161e+004  3.9358e+000  3.9331e-003
5179  1.9944e+003  2.6164e+004  4.2883e+002  3.9119e-003
5180  3.9951e+003  2.6165e+004  5.8707e+002  3.8884e-003
5181  5.9969e+003  2.6166e+004  5.1724e+002  3.9029e-003
5182  7.9969e+003  2.6166e+004  3.6174e+002  3.8846e-003
5183  9.9970e+003  2.6164e+004  4.3994e+002  3.8816e-003
5184  1.1998e+004  2.6162e+004  5.3688e+002  3.8812e-003
5185  1.3998e+004  2.6162e+004  4.1814e+002  3.8800e-003
5186  1.5998e+004  2.6162e+004  5.1809e+002  3.8760e-003
5187  1.7998e+004  2.6163e+004  3.6746e+002  3.8755e-003
5188  1.9998e+004  2.6161e+004  6.0297e+002  3.8650e-003
5189  2.1999e+004  2.6161e+004  5.5808e+002  3.8566e-003
5190  2.4000e+004  2.6160e+004  4.4006e+002  3.8477e-003
5191  2.5999e+004  2.6160e+004  4.5684e+002  3.8425e-003
5192  2.8000e+004  2.6159e+004  5.6601e+002  3.8347e-003
5193  3.0000e+004  2.6160e+004  5.5900e+002  3.8502e-003
5194  3.2000e+004  2.6164e+004  4.2195e+002  3.8660e-003
5195  3.4000e+004  2.6165e+004  3.4531e+002  3.8763e-003
5196  3.5999e+004  2.6167e+004  4.0792e+002  3.8772e-003
5197  3.8000e+004  2.6164e+004  6.2090e+002  3.8544e-003
5198  4.0001e+004  2.6165e+004  5.3472e+002  3.8483e-003
5199  4.2001e+004  2.6166e+004  4.1613e+002  3.8522e-003
5200  4.4001e+004  2.6166e+004  4.6078e+002  3.8522e-003
5201  4.6002e+004  2.6167e+004  5.0527e+002  3.8522e-003
5202  4.8002e+004  2.6168e+004  4.3729e+002  3.8407e-003
5203  5.0003e+004  2.6166e+004  6.2817e+002  3.8335e-003
5204  5.2004e+004  2.6167e+004  4.6925e+002  3.8375e-003
5205  5.4004e+004  2.6168e+004  5.4080e+002  3.8512e-003
5206  5.6004e+004  2.6170e+004  3.8649e+002  3.8708e-003
5207  5.8005e+004  2.6169e+004  4.1990e+002  3.9102e-003
5208  6.0000e+004  2.6166e+004  6.4829e+000  3.9365e-003
5209  0.0000e+000  2.8060e+004  4.0726e+000  4.0703e-003
5210  1.9952e+003  2.8063e+004  5.2550e+002  4.0351e-003
5211  3.9957e+003  2.8064e+004  7.4492e+002  4.0150e-003
5212  5.9968e+003  2.8065e+004  5.8248e+002  4.0209e-003
5213  7.9974e+003  2.8065e+004  5.1170e+002  4.0137e-003
5214  9.9979e+003  2.8064e+004  6.1981e+002  4.0064e-003
5215  1.1998e+004  2.8062e+004  6.3368e+002  4.0007e-003
5216  1.3999e+004  2.8062e+004  5.8441e+002  3.9984e-003
5217  1.5999e+004  2.8063e+004  5.8377e+002  3.9997e-003
5218  1.7999e+004  2.8064e+004  4.8405e+002  3.9966e-003
5219  1.9999e+004  2.8063e+004  6.1066e+002  3.9819e-003
5220  2.1999e+004  2.8063e+004  6.6093e+002  3.9723e-003
5221  2.4000e+004  2.8062e+004  6.9197e+002  3.9691e-003
5222  2.6000e+004  2.8062e+004  6.5335e+002  3.9583e-003
5223  2.7999e+004  2.8061e+004  7.5987e+002  3.9633e-003
5224  3.0000e+004  2.8062e+004  6.8340e+002  3.9624e-003
5225  3.2000e+004  2.8064e+004  5.4121e+002  3.9794e-003
5226  3.4000e+004  2.8065e+004  5.5291e+002  3.9884e-003
5227  3.6000e+004  2.8066e+004  4.5146e+002  3.9942e-003
5228  3.8000e+004  2.8066e+004  6.8909e+002  3.9765e-003
5229  4.0001e+004  2.8066e+004  6.0987e+002  3.9803e-003
5230  4.2001e+004  2.8066e+004  6.7370e+002  3.9802e-003
5231  4.4001e+004  2.8067e+004  6.4582e+002  3.9864e-003
5232  4.6001e+004  2.8068e+004  5.6403e+002  3.9812e-003
5233  4.8002e+004  2.8068e+004  5.0409e+002  3.9822e-003
5234  5.0002e+004  2.8067e+004  7.2171e+002  3.9755e-003
5235  5.2003e+004  2.8067e+004  6.6783e+002  3.9790e-003
5236  5.4003e+004  2.8067e+004  6.1143e+002  3.9862e-003
5237  5.6003e+004  2.8067e+004  6.3382e+002  4.0053e-003
5238  5.8004e+004  2.8066e+004  6.3183e+002  4.0210e-003
5239  6.0000e+004  2.8063e+004  6.6107e+000  4.0646e-003
5240  0.0000e+000  3.0002e+004  4.2935e+000  4.2930e-003
5241  1.9951e+003  3.0003e+004  8.5824e+002  4.2349e-003
5242  3.9959e+003  3.0003e+004  8.1646e+002  4.2176e-003
5243  5.9975e+003  3.0003e+004  7.8238e+002  4.2162e-003
5244  7.9979e+003  3.0002e+004  7.1267e+002  4.1970e-003
5245  9.9984e+003  3.0002e+004  7.6648e+002  4.1814e-003
5246  1.1999e+004  3.0000e+004  8.8330e+002  4.1812e-003
5247  1.3999e+004  3.0001e+004  8.4386e+002  4.1784e-003
5248  1.5999e+004  3.0001e+004  7.6104e+002  4.1891e-003
5249  1.7999e+004  3.0002e+004  6.4575e+002  4.1828e-003
5250  1.9999e+004  3.0002e+004  6.8996e+002  4.1818e-003
5251  2.1999e+004  3.0002e+004  8.8864e+002  4.1596e-003
5252  2.4000e+004  3.0003e+004  8.7909e+002  4.1560e-003
5253  2.6000e+004  3.0003e+004  8.7945e+002  4.1497e-003
5254  2.7999e+004  3.0002e+004  8.9392e+002  4.1467e-003
5255  3.0000e+004  3.0001e+004  8.9242e+002  4.1522e-003
5256  3.2000e+004  3.0002e+004  7.7800e+002  4.1503e-003
5257  3.4000e+004  3.0003e+004  7.0532e+002  4.1683e-003
5258  3.6000e+004  3.0003e+004  6.9121e+002  4.1759e-003
5259  3.8000e+004  3.0004e+004  7.6539e+002  4.1690e-003
5260  4.0000e+004  3.0005e+004  8.5233e+002  4.1685e-003
5261  4.2001e+004  3.0005e+004  8.3934e+002  4.1701e-003
5262  4.4001e+004  3.0006e+004  8.6965e+002  4.1675e-003
5263  4.6001e+004  3.0006e+004  8.0640e+002  4.1776e-003
5264  4.8001e+004  3.0006e+004  7.6378e+002  4.1815e-003
5265  5.0002e+004  3.0006e+004  8.3819e+002  4.1785e-003
5266  5.2002e+004  3.0006e+004  8.9742e+002  4.1787e-003
5267  5.4003e+004  3.0006e+004  8.8728e+002  4.1972e-003
5268  5.6003e+004  3.0005e+004  8.8753e+002  4.2056e-003
5269  5.8004e+004  3.0004e+004  7.5825e+002  4.2465e-003
5270  6.0000e+004  3.0003e+004  6.8327e+000  4.2895e-003
5271  0.0000e+000  3.1887e+004  4.5176e+000  4.5178e-003
5272  1.9950e+003  3.1885e+004  8.0889e+002  4.4604e-003
5273  3.9961e+003  3.1882e+004  7.9807e+002  4.4247e-003
5274  5.9975e+003  3.1881e+004  8.5737e+002  4.4022e-003
5275  7.9982e+003  3.1880e+004  9.3543e+002  4.3697e-003
5276  9.9988e+003  3.1879e+004  9.1825e+002  4.3648e-003
5277  1.1999e+004  3.1878e+004  9.1375e+002  4.3609e-003
5278  1.3999e+004  3.1878e+004  8.8723e+002  4.3622e-003
5279  1.5999e+004  3.1878e+004  9.0850e+002  4.3601e-003
5280  1.7999e+004  3.1879e+004  9.0928e+002  4.3595e-003
5281  1.9999e+004  3.1878e+004  8.9628e+002  4.3547e-003
5282  2.1999e+004  3.1880e+004  8.9110e+002  4.3548e-003
5283  2.4000e+004  3.1880e+004  8.7875e+002  4.3556e-003
5284  2.5999e+004  3.1880e+004  8.5096e+002  4.3496e-003
5285  2.7999e+004  3.1879e+004  8.4855e+002  4.3586e-003
5286  2.9999e+004  3.1878e+004  9.2982e+002  4.3563e-003
5287  3.2000e+004  3.1878e+004  9.7106e+002  4.3389e-003
5288  3.4000e+004  3.1878e+004  8.4209e+002  4.3447e-003
5289  3.5999e+004  3.1879e+004  8.9355e+002  4.3455e-003
5290  3.8000e+004  3.1880e+004  8.6155e+002  4.3561e-003
5291  4.0000e+004  3.1881e+004  8.9826e+002  4.3553e-003
5292  4.2000e+004  3.1882e+004  8.4388e+002  4.3760e-003
5293  4.4001e+004  3.1882e+004  8.6141e+002  4.3758e-003
5294  4.6001e+004  3.1883e+004  8.8237e+002  4.3767e-003
5295  4.8001e+004  3.1883e+004  8.5334e+002  4.3984e-003
5296  5.0002e+004  3.1883e+004  8.5807e+002  4.4024e-003
5297  5.2002e+004  3.1884e+004  9.2913e+002  4.4071e-003
5298  5.4003e+004  3.1885e+004  8.9083e+002  4.4196e-003
5299  5.6003e+004  3.1884e+004  8.5022e+002  4.4331e-003
5300  5.8004e+004  3.1885e+004  9.2987e+002  4.4538e-003
5301  6.0000e+004  3.1886e+004  7.0830e+000  4.5402e-003
5302  0.0000e+000  3.3838e+004  4.8098e+000  4.8126e-003
5303  1.9961e+003  3.3833e+004  7.3277e+002  4.7415e-003
5304  3.9964e+003  3.3830e+004  5.8128e+002  4.7000e-003
5305  5.9972e+003  3.3829e+004  7.0420e+002  4.6610e-003
5306  7.9980e+003  3.3828e+004  8.1870e+002  4.6183e-003
5307  9.9986e+003  3.3828e+004  7.5848e+002  4.6045e-003
5308  1.1999e+004  3.3827e+004  6.5421e+002  4.6015e-003
5309  1.3999e+004  3.3827e+004  7.0864e+002  4.5913e-003
5310  1.5999e+004  3.3827e+004  7.8643e+002  4.5744e-003
5311  1.7999e+004  3.3829e+004  8.0031e+002  4.5642e-003
5312  1.9999e+004  3.3828e+004  7.7040e+002  4.5613e-003
5313  2.1999e+004  3.3829e+004  7.5184e+002  4.5934e-003
5314  2.3999e+004  3.3829e+004  6.4516e+002  4.6131e-003
5315  2.5999e+004  3.3828e+004  6.0069e+002  4.6213e-003
5316  2.7999e+004  3.3827e+004  6.1053e+002  4.6303e-003
5317  2.9999e+004  3.3827e+004  6.9767e+002  4.6078e-003
5318  3.2000e+004  3.3827e+004  7.8375e+002  4.5852e-003
5319  3.4000e+004  3.3827e+004  7.4410e+002  4.5853e-003
5320  3.6000e+004  3.3827e+004  6.7163e+002  4.6089e-003
5321  3.8000e+004  3.3827e+004  6.7396e+002  4.6146e-003
5322  4.0000e+004  3.3828e+004  7.1018e+002  4.6327e-003
5323  4.2000e+004  3.3829e+004  6.3810e+002  4.6567e-003
5324  4.4001e+004  3.3830e+004  6.2576e+002  4.6585e-003
5325  4.6001e+004  3.3830e+004  7.6541e+002  4.6578e-003
5326  4.8001e+004  3.3831e+004  6.6778e+002  4.6821e-003
5327  5.0002e+004  3.3831e+004  6.0952e+002  4.7034e-003
5328  5.2002e+004  3.3832e+004  7.5219e+002  4.6985e-003
5329  5.4003e+004  3.3832e+004  6.6715e+002  4.7341e-003
5330  5.6003e+004  3.3832e+004  6.0863e+002  4.7624e-003
5331  5.8004e+004  3.3833e+004  6.7407e+002  4.8440e-003
5332  6.0000e+004  3.3837e+004  7.4507e+000  4.9087e-003
5333  0.0000e+000  3.5749e+004  4.8928e+000  4.8956e-003
5334  1.9959e+003  3.5744e+004  5.7228e+002  4.9000e-003
5335  3.9960e+003  3.5740e+004  4.0332e+002  4.8551e-003
5336  5.9965e+003  3.5741e+004  5.0893e+002  4.8155e-003
5337  7.9972e+003  3.5742e+004  6.2325e+002  4.7743e-003
5338  9.9978e+003  3.5742e+004  5.7238e+002  4.7716e-003
5339  1.1998e+004  3.5741e+004  5.5216e+002  4.7475e-003
5340  1.3998e+004  3.5743e+004  5.5454e+002  4.7296e-003
5341  1.5999e+004  3.5744e+004  6.5979e+002  4.7115e-003
5342  1.7999e+004  3.5745e+004  6.0312e+002  4.7273e-003
5343  1.9999e+004  3.5744e+004  5.2617e+002  4.7262e-003
5344  2.1999e+004  3.5744e+004  6.8655e+002  4.7374e-003
5345  2.4000e+004  3.5742e+004  4.5551e+002  4.7888e-003
5346  2.5999e+004  3.5741e+004  4.0868e+002  4.8414e-003
5347  2.7999e+004  3.5740e+004  4.6274e+002  4.8270e-003
5348  2.9999e+004  3.5740e+004  5.9870e+002  4.8032e-003
5349  3.2000e+004  3.5741e+004  5.5241e+002  4.7968e-003
5350  3.4000e+004  3.5740e+004  4.6975e+002  4.7922e-003
5351  3.6000e+004  3.5740e+004  5.7916e+002  4.8010e-003
5352  3.8000e+004  3.5740e+004  5.1903e+002  4.8146e-003
5353  4.0001e+004  3.5741e+004  4.8755e+002  4.8602e-003
5354  4.2001e+004  3.5741e+004  4.5906e+002  4.8706e-003
5355  4.4001e+004  3.5742e+004  5.3499e+002  4.8484e-003
5356  4.6001e+004  3.5743e+004  5.2254e+002  4.8555e-003
5357  4.8002e+004  3.5742e+004  6.1529e+002  4.8749e-003
5358  5.0002e+004  3.5742e+004  4.5086e+002  4.9027e-003
5359  5.2003e+004  3.5743e+004  4.8010e+002  4.9029e-003
5360  5.4003e+004  3.5743e+004  5.2256e+002  4.9423e-003
5361  5.6004e+004  3.5741e+004  3.9944e+002  4.9776e-003
5362  5.8004e+004  3.5742e+004  6.2253e+002  5.0579e-003
5363  6.0000e+004  3.5747e+004  7.5749e+000  5.0329e-003
5364  0.0000e+000  3.7550e+004  4.6898e+000  4.6942e-003
5365  1.9946e+003  3.7552e+004  4.7881e+002  4.6982e-003
5366  3.9949e+003  3.7548e+004  3.0270e+002  4.6539e-003
5367  5.9954e+003  3.7551e+004  4.2490e+002  4.6433e-003
5368  7.9963e+003  3.7555e+004  4.2695e+002  4.6069e-003
5369  9.9970e+003  3.7556e+004  4.4921e+002  4.5984e-003
5370  1.1998e+004  3.7558e+004  4.0776e+002  4.6057e-003
5371  1.3998e+004  3.7560e+004  3.8402e+002  4.5744e-003
5372  1.5998e+004  3.7563e+004  5.0933e+002  4.5621e-003
5373  1.7999e+004  3.7563e+004  4.4541e+002  4.5650e-003
5374  1.9999e+004  3.7562e+004  3.6775e+002  4.5845e-003
5375  2.1999e+004  3.7563e+004  5.2598e+002  4.5730e-003
5376  2.4000e+004  3.7558e+004  4.0259e+002  4.6176e-003
5377  2.5999e+004  3.7554e+004  3.1859e+002  4.6654e-003
5378  2.7999e+004  3.7554e+004  4.3206e+002  4.6455e-003
5379  2.9999e+004  3.7555e+004  4.0319e+002  4.6206e-003
5380  3.2000e+004  3.7556e+004  4.6694e+002  4.6148e-003
5381  3.4000e+004  3.7555e+004  3.6221e+002  4.6051e-003
5382  3.6001e+004  3.7556e+004  5.3206e+002  4.6189e-003
5383  3.8001e+004  3.7554e+004  3.7178e+002  4.6318e-003
5384  4.0001e+004  3.7553e+004  3.2154e+002  4.6554e-003
5385  4.2001e+004  3.7554e+004  4.6430e+002  4.6634e-003
5386  4.4002e+004  3.7555e+004  3.5315e+002  4.6726e-003
5387  4.6002e+004  3.7555e+004  3.6926e+002  4.6726e-003
5388  4.8002e+004  3.7555e+004  4.9327e+002  4.7095e-003
5389  5.0003e+004  3.7553e+004  3.3116e+002  4.7126e-003
5390  5.2004e+004  3.7553e+004  4.4066e+002  4.7189e-003
5391  5.4004e+004  3.7551e+004  3.4282e+002  4.7665e-003
5392  5.6004e+004  3.7547e+004  2.9800e+002  4.7505e-003
5393  5.8004e+004  3.7549e+004  4.8257e+002  4.8326e-003
5394  6.0000e+004  3.7547e+004  7.3350e+000  4.7942e-003
5395  0.0000e+000  3.9276e+004  4.1364e+000  4.1394e-003
5396  1.9943e+003  3.9285e+004  2.6584e+002  4.2099e-003
5397  3.9947e+003  3.9284e+004  2.7022e+002  4.1837e-003
5398  5.9955e+003  3.9291e+004  2.9009e+002  4.1950e-003
5399  7.9958e+003  3.9296e+004  3.3178e+002  4.1934e-003
5400  9.9971e+003  3.9302e+004  4.2180e+002  4.2327e-003
5401  1.1998e+004  3.9301e+004  2.5081e+002  4.1960e-003
5402  1.3998e+004  3.9304e+004  2.4591e+002  4.2059e-003
5403  1.5998e+004  3.9309e+004  3.3094e+002  4.2252e-003
5404  1.7999e+004  3.9310e+004  4.1456e+002  4.2469e-003
5405  1.9999e+004  3.9306e+004  2.3978e+002  4.1900e-003
5406  2.1999e+004  3.9308e+004  3.1787e+002  4.2305e-003
5407  2.4000e+004  3.9302e+004  2.3306e+002  4.2078e-003
5408  2.5999e+004  3.9297e+004  3.0050e+002  4.2188e-003
5409  2.7999e+004  3.9298e+004  2.8888e+002  4.1904e-003
5410  2.9999e+004  3.9301e+004  3.5612e+002  4.1973e-003
5411  3.2000e+004  3.9304e+004  4.4572e+002  4.2193e-003
5412  3.4001e+004  3.9299e+004  2.2765e+002  4.1697e-003
5413  3.6001e+004  3.9302e+004  3.7240e+002  4.2426e-003
5414  3.8001e+004  3.9297e+004  2.4415e+002  4.1987e-003
5415  4.0001e+004  3.9297e+004  3.2948e+002  4.2176e-003
5416  4.2002e+004  3.9299e+004  4.0047e+002  4.2546e-003
5417  4.4002e+004  3.9296e+004  1.9980e+002  4.1920e-003
5418  4.6001e+004  3.9297e+004  3.3312e+002  4.2451e-003
5419  4.8003e+004  3.9298e+004  4.2321e+002  4.2745e-003
5420  5.0004e+004  3.9293e+004  2.4364e+002  4.2447e-003
5421  5.2004e+004  3.9294e+004  2.8679e+002  4.2845e-003
5422  5.4003e+004  3.9288e+004  2.1897e+002  4.2526e-003
5423  5.6003e+004  3.9283e+004  2.9967e+002  4.2399e-003
5424  5.8004e+004  3.9284e+004  4.1973e+002  4.2918e-003
5425  6.0000e+004  3.9275e+004  6.6711e+000  4.1286e-003
5426  0.0000e+000  4.0922e+004  3.0227e+000  3.0230e-003
5427  1.9967e+003  4.0931e+004  1.4822e+002  3.0963e-003
5428  3.9961e+003  4.0937e+004  2.3748e+002  3.1364e-003
5429  5.9963e+003  4.0943e+004  2.1208e+002  3.1327e-003
5430  7.9967e+003  4.0952e+004  2.5162e+002  3.1445e-003
5431  9.9972e+003  4.0958e+004  3.0089e+002  3.1617e-003
5432  1.1998e+004  4.0955e+004  1.8388e+002  3.1378e-003
5433  1.3998e+004  4.0958e+004  2.1811e+002  3.1725e-003
5434  1.5998e+004  4.0961e+004  1.8271e+002  3.1494e-003
5435  1.7999e+004  4.0966e+004  2.9954e+002  3.1920e-003
5436  1.9999e+004  4.0960e+004  1.6614e+002  3.1419e-003
5437  2.1999e+004  4.0961e+004  2.4537e+002  3.1860e-003
5438  2.3999e+004  4.0955e+004  1.3418e+002  3.1209e-003
5439  2.5999e+004  4.0956e+004  2.9081e+002  3.1540e-003
5440  2.7999e+004  4.0955e+004  2.1443e+002  3.1133e-003
5441  3.0000e+004  4.0959e+004  2.5199e+002  3.1341e-003
5442  3.2000e+004  4.0962e+004  2.8768e+002  3.1567e-003
5443  3.4000e+004  4.0956e+004  1.7280e+002  3.1255e-003
5444  3.6001e+004  4.0959e+004  3.0843e+002  3.1840e-003
5445  3.8001e+004  4.0954e+004  1.8808e+002  3.1375e-003
5446  4.0001e+004  4.0954e+004  2.3601e+002  3.1549e-003
5447  4.2001e+004  4.0956e+004  2.8539e+002  3.1748e-003
5448  4.4002e+004  4.0951e+004  1.3345e+002  3.1208e-003
5449  4.6002e+004  4.0955e+004  2.7545e+002  3.1585e-003
5450  4.8002e+004  4.0955e+004  3.2696e+002  3.1713e-003
5451  5.0003e+004  4.0948e+004  2.0407e+002  3.1604e-003
5452  5.2003e+004  4.0945e+004  1.4204e+002  3.1561e-003
5453  5.4003e+004  4.0940e+004  1.6417e+002  3.1566e-003
5454  5.6003e+004  4.0936e+004  2.1000e+002  3.1288e-003
5455  5.8002e+004  4.0935e+004  2.7548e+002  3.1259e-003
5456  6.0000e+004  4.0924e+004  5.5469e+000  3.0024e-003
5457  0.0000e+000  4.2650e+004  2.0561e+000  2.0570e-003
5458  1.9970e+003  4.2660e+004  1.4423e+002  2.1412e-003
5459  3.9970e+003  4.2666e+004  1.3224e+002  2.1409e-003
5460  5.9973e+003  4.2674e+004  1.5850e+002  2.1796e-003
5461  7.9974e+003  4.2681e+004  1.3413e+002  2.1850e-003
5462  9.9978e+003  4.2687e+004  1.7303e+002  2.1988e-003
5463  1.1998e+004  4.2685e+004  1.3004e+002  2.1729e-003
5464  1.3998e+004  4.2687e+004  1.6667e+002  2.1807e-003
5465  1.5999e+004  4.2689e+004  1.3830e+002  2.1825e-003
5466  1.7999e+004  4.2692e+004  1.8780e+002  2.1947e-003
5467  1.9999e+004  4.2688e+004  1.0427e+002  2.1683e-003
5468  2.2000e+004  4.2689e+004  1.7805e+002  2.1934e-003
5469  2.3999e+004  4.2684e+004  8.3449e+001  2.1454e-003
5470  2.5999e+004  4.2686e+004  1.9318e+002  2.1611e-003
5471  2.8000e+004  4.2686e+004  1.6795e+002  2.1723e-003
5472  3.0000e+004  4.2689e+004  1.4084e+002  2.1703e-003
5473  3.2000e+004  4.2690e+004  1.5121e+002  2.1967e-003
5474  3.4000e+004  4.2687e+004  1.4138e+002  2.1862e-003
5475  3.6000e+004  4.2689e+004  2.0812e+002  2.2067e-003
5476  3.8001e+004  4.2685e+004  1.3462e+002  2.1812e-003
5477  4.0001e+004  4.2684e+004  1.4885e+002  2.1922e-003
5478  4.2001e+004  4.2686e+004  1.8949e+002  2.1959e-003
5479  4.4001e+004  4.2682e+004  8.5237e+001  2.1616e-003
5480  4.6001e+004  4.2685e+004  1.8454e+002  2.1749e-003
5481  4.8002e+004  4.2686e+004  2.1889e+002  2.1798e-003
5482  5.0003e+004  4.2680e+004  1.7100e+002  2.1647e-003
5483  5.2003e+004  4.2674e+004  8.9251e+001  2.1560e-003
5484  5.4002e+004  4.2671e+004  1.3409e+002  2.1485e-003
5485  5.6002e+004  4.2666e+004  1.2048e+002  2.1224e-003
5486  5.8002e+004  4.2663e+004  1.7990e+002  2.1213e-003
5487  6.0000e+004  4.2653e+004  4.6024e+000  2.0575e-003
5488  0.0000e+000  4.4456e+004  1.3965e+000  1.3965e-003
5489  1.9982e+003  4.4464e+004  4.3499e+001  1.4384e-003
5490  3.9979e+003  4.4471e+004  1.1251e+002  1.4576e-003
5491  5.9982e+003  4.4477e+004  9.8637e+001  1.4855e-003
5492  7.9983e+003  4.4482e+004  9.3316e+001  1.4991e-003
5493  9.9984e+003  4.4485e+004  5.9820e+001  1.4905e-003
5494  1.1999e+004  4.4485e+004  1.0449e+002  1.4834e-003
5495  1.3999e+004  4.4486e+004  5.8760e+001  1.4533e-003
5496  1.5999e+004  4.4488e+004  1.2031e+002  1.4755e-003
5497  1.7999e+004  4.4490e+004  1.2503e+002  1.4754e-003
5498  1.9999e+004  4.4487e+004  7.1826e+001  1.4649e-003
5499  2.2000e+004  4.4487e+004  1.0229e+002  1.4766e-003
5500  2.4000e+004  4.4485e+004  5.9384e+001  1.4653e-003
5501  2.6000e+004  4.4486e+004  1.0638e+002  1.4742e-003
5502  2.8000e+004  4.4486e+004  8.8942e+001  1.4783e-003
5503  3.0000e+004  4.4488e+004  8.7933e+001  1.4966e-003
5504  3.2000e+004  4.4488e+004  7.2825e+001  1.5096e-003
5505  3.4000e+004  4.4487e+004  1.0024e+002  1.5111e-003
5506  3.6000e+004  4.4488e+004  1.1901e+002  1.5135e-003
5507  3.8001e+004  4.4485e+004  5.4175e+001  1.4929e-003
5508  4.0001e+004  4.4486e+004  1.1791e+002  1.5028e-003
5509  4.2001e+004  4.4486e+004  1.2526e+002  1.4912e-003
5510  4.4001e+004  4.4484e+004  5.2277e+001  1.4670e-003
5511  4.6001e+004  4.4486e+004  1.1402e+002  1.4666e-003
5512  4.8001e+004  4.4486e+004  1.1302e+002  1.4708e-003
5513  5.0002e+004  4.4481e+004  9.8227e+001  1.4511e-003
5514  5.2002e+004  4.4477e+004  5.1576e+001  1.4250e-003
5515  5.4001e+004  4.4474e+004  6.6303e+001  1.4216e-003
5516  5.6001e+004  4.4470e+004  9.1926e+001  1.4103e-003
5517  5.8001e+004  4.4467e+004  1.3103e+002  1.4158e-003
5518  6.0000e+004  4.4458e+004  3.9094e+000  1.3645e-003
5519  0.0000e+000  4.6305e+004  8.1573e-001  8.1405e-004
5520  1.9988e+003  4.6311e+004  3.1383e+001  8.3269e-004
5521  3.9987e+003  4.6317e+004  6.3839e+001  8.3350e-004
5522  5.9988e+003  4.6321e+004  6.8629e+001  8.4689e-004
5523  7.9989e+003  4.6324e+004  2.7132e+001  8.4641e-004
5524  9.9989e+003  4.6326e+004  4.3385e+001  8.4330e-004
5525  1.1999e+004  4.6326e+004  6.8136e+001  8.4065e-004
5526  1.3999e+004  4.6327e+004  3.2375e+001  8.3176e-004
5527  1.5999e+004  4.6329e+004  6.8214e+001  8.3531e-004
5528  1.8000e+004  4.6329e+004  6.0283e+001  8.4906e-004
5529  2.0000e+004  4.6327e+004  2.9774e+001  8.4723e-004
5530  2.2000e+004  4.6327e+004  4.8926e+001  8.4941e-004
5531  2.4000e+004  4.6326e+004  2.8541e+001  8.4599e-004
5532  2.6000e+004  4.6327e+004  6.9786e+001  8.4709e-004
5533  2.8000e+004  4.6327e+004  7.0490e+001  8.5207e-004
5534  3.0000e+004  4.6328e+004  3.1887e+001  8.4758e-004
5535  3.2000e+004  4.6328e+004  5.9587e+001  8.5872e-004
5536  3.4000e+004  4.6328e+004  4.1661e+001  8.6745e-004
5537  3.6000e+004  4.6328e+004  6.9363e+001  8.6648e-004
5538  3.8000e+004  4.6327e+004  3.0614e+001  8.6430e-004
5539  4.0000e+004  4.6327e+004  7.4224e+001  8.5747e-004
5540  4.2001e+004  4.6327e+004  6.5595e+001  8.5578e-004
5541  4.4001e+004  4.6326e+004  3.2385e+001  8.3377e-004
5542  4.6001e+004  4.6327e+004  6.1773e+001  8.2779e-004
5543  4.8001e+004  4.6327e+004  5.9886e+001  8.2564e-004
5544  5.0001e+004  4.6324e+004  5.9702e+001  8.1443e-004
5545  5.2001e+004  4.6321e+004  4.4279e+001  8.0731e-004
5546  5.4001e+004  4.6319e+004  5.6204e+001  7.9890e-004
5547  5.6001e+004  4.6316e+004  3.5861e+001  8.0210e-004
5548  5.8001e+004  4.6313e+004  6.8664e+001  8.0407e-004
5549  6.0000e+004  4.6306e+004  3.3254e+000  7.7974e-004
5550  0.0000e+000  4.8202e+004  4.6753e-001  4.6567e-004
5551  1.9992e+003  4.8207e+004  1.2119e+001  4.7433e-004
5552  3.9992e+003  4.8212e+004  3.3437e+001  4.7840e-004
5553  5.9993e+003  4.8215e+004  3.9363e+001  4.8245e-004
5554  7.9993e+003  4.8216e+004  1.4243e+001  4.8828e-004
5555  9.9994e+003  4.8218e+004  3.8197e+001  4.8859e-004
5556  1.1999e+004  4.8218e+004  3.5931e+001  4.9115e-004
5557  1.3999e+004  4.8218e+004  2.0001e+001  4.8404e-004
5558  1.6000e+004  4.8219e+004  3.4918e+001  4.9538e-004
5559  1.8000e+004  4.8220e+004  3.6627e+001  5.0556e-004
5560  2.0000e+004  4.8219e+004  1.5832e+001  4.9517e-004
5561  2.2000e+004  4.8219e+004  3.9674e+001  4.9368e-004
5562  2.4000e+004  4.8218e+004  2.0869e+001  4.9113e-004
5563  2.6000e+004  4.8218e+004  3.0262e+001  4.9056e-004
5564  2.8000e+004  4.8219e+004  3.5206e+001  4.9770e-004
5565  3.0000e+004  4.8219e+004  1.9942e+001  4.9950e-004
5566  3.2000e+004  4.8219e+004  1.7749e+001  5.0228e-004
5567  3.4000e+004  4.8219e+004  3.5424e+001  5.0462e-004
5568  3.6000e+004  4.8219e+004  4.1867e+001  5.0397e-004
5569  3.8000e+004  4.8218e+004  1.7643e+001  4.9931e-004
5570  4.0000e+004  4.8219e+004  3.7447e+001  4.9588e-004
5571  4.2000e+004  4.8219e+004  3.8272e+001  4.9189e-004
5572  4.4000e+004  4.8218e+004  1.6283e+001  4.8054e-004
5573  4.6000e+004  4.8218e+004  2.1671e+001  4.7590e-004
5574  4.8001e+004  4.8218e+004  3.6987e+001  4.7496e-004
5575  5.0001e+004  4.8217e+004  2.7903e+001  4.6422e-004
5576  5.2001e+004  4.8215e+004  2.8140e+001  4.5566e-004
5577  5.4001e+004  4.8213e+004  2.4174e+001  4.5274e-004
5578  5.6001e+004  4.8211e+004  2.8040e+001  4.5198e-004
5579  5.8001e+004  4.8209e+004  4.6153e+001  4.5267e-004
5580  6.0000e+004  4.8203e+004  2.9874e+000  4.4132e-004
5581  0.0000e+000  5.0124e+004  1.6540e-001  1.6428e-004
5582  1.9993e+003  5.0129e+004  1.6332e+001  1.7295e-004
5583  3.9994e+003  5.0132e+004  1.3529e+001  1.7965e-004
5584  5.9995e+003  5.0134e+004  2.1229e+001  1.8915e-004
5585  7.9995e+003  5.0135e+004  7.2231e+000  1.9100e-004
5586  9.9995e+003  5.0136e+004  1.5977e+001  1.9622e-004
5587  1.2000e+004  5.0136e+004  1.8620e+001  1.9756e-004
5588  1.4000e+004  5.0137e+004  1.1483e+001  1.9795e-004
5589  1.6000e+004  5.0137e+004  2.3028e+001  2.0330e-004
5590  1.8000e+004  5.0138e+004  2.2014e+001  2.0231e-004
5591  2.0000e+004  5.0137e+004  8.6112e+000  2.0259e-004
5592  2.2000e+004  5.0137e+004  1.5170e+001  1.9938e-004
5593  2.4000e+004  5.0136e+004  1.4066e+001  1.9890e-004
5594  2.6000e+004  5.0137e+004  1.3585e+001  1.9865e-004
5595  2.8000e+004  5.0137e+004  2.0493e+001  2.0415e-004
5596  3.0000e+004  5.0137e+004  7.8628e+000  2.0132e-004
5597  3.2000e+004  5.0137e+004  1.3765e+001  1.9727e-004
5598  3.4000e+004  5.0137e+004  2.4066e+001  1.9953e-004
5599  3.6000e+004  5.0137e+004  1.4623e+001  2.0008e-004
5600  3.8000e+004  5.0137e+004  9.9168e+000  1.9472e-004
5601  4.0000e+004  5.0137e+004  1.6832e+001  1.9389e-004
5602  4.2000e+004  5.0137e+004  1.8655e+001  1.8631e-004
5603  4.4000e+004  5.0136e+004  1.2604e+001  1.8024e-004
5604  4.6000e+004  5.0137e+004  2.2601e+001  1.7983e-004
5605  4.8000e+004  5.0137e+004  1.3649e+001  1.8002e-004
5606  5.0000e+004  5.0136e+004  1.6947e+001  1.7570e-004
5607  5.2000e+004  5.0135e+004  1.3667e+001  1.7003e-004
5608  5.4000e+004  5.0134e+004  1.8516e+001  1.6489e-004
5609  5.6000e+004  5.0132e+004  9.9739e+000  1.6334e-004
5610  5.8001e+004  5.0130e+004  2.0340e+001  1.5892e-004
5611  6.0000e+004  5.0125e+004  2.7008e+000  1.5582e-004
5612  0.0000e+000  5.2075e+004  8.5988e-003  7.9599e-006
5613  1.9995e+003  5.2079e+004  3.2737e+000  1.0118e-005
5614  3.9996e+003  5.2081e+004  7.9069e+000  1.0953e-005
5615  5.9997e+003  5.2082e+004  9.0001e+000  1.2525e-005
5616  7.9997e+003  5.2083e+004  5.4559e+000  1.5957e-005
5617  9.9997e+003  5.2083e+004  7.9810e+000  1.8594e-005
5618  1.2000e+004  5.2083e+004  9.6106e+000  2.0040e-005
5619  1.4000e+004  5.2084e+004  4.9695e+000  2.1806e-005
5620  1.6000e+004  5.2084e+004  8.1644e+000  2.6297e-005
5621  1.8000e+004  5.2084e+004  9.2085e+000  2.7587e-005
5622  2.0000e+004  5.2084e+004  6.1089e+000  2.6683e-005
5623  2.2000e+004  5.2084e+004  8.4536e+000  2.5747e-005
5624  2.4000e+004  5.2084e+004  5.3917e+000  2.5096e-005
5625  2.6000e+004  5.2084e+004  7.4096e+000  2.3773e-005
5626  2.8000e+004  5.2084e+004  8.9294e+000  2.1341e-005
5627  3.0000e+004  5.2084e+004  5.6568e+000  2.6460e-005
5628  3.2000e+004  5.2084e+004  7.4360e+000  2.3008e-005
5629  3.4000e+004  5.2084e+004  1.0383e+001  2.3388e-005
5630  3.6000e+004  5.2084e+004  6.0599e+000  1.9161e-005
5631  3.8000e+004  5.2084e+004  6.8934e+000  2.0032e-005
5632  4.0000e+004  5.2084e+004  7.0148e+000  1.5877e-005
5633  4.2000e+004  5.2084e+004  4.5895e+000  1.3163e-005
5634  4.4000e+004  5.2083e+004  8.3421e+000  1.2074e-005
5635  4.6000e+004  5.2084e+004  9.5622e+000  1.3272e-005
5636  4.8000e+004  5.2084e+004  6.5769e+000  9.4441e-006
5637  5.0000e+004  5.2083e+004  4.7521e+000  8.9375e-006
5638  5.2000e+004  5.2082e+004  7.0652e+000  3.9214e-006
5639  5.4000e+004  5.2082e+004  9.5055e+000  4.4736e-006
5640  5.6000e+004  5.2081e+004  4.1482e+000  3.9439e-007
5641  5.8000e+004  5.2079e+004  9.0602e+000 -3.2943e-006
5642  6.0000e+004  5.2075e+004  2.5424e+000 -1.9445e-006
5643  0.0000e+000  5.4045e+004 -3.8209e-002 -3.8461e-005
5644  1.9996e+003  5.4048e+004  3.2510e+000 -3.6314e-005
5645  3.9998e+003  5.4049e+004  4.9616e+000 -3.6807e-005
5646  5.9998e+003  5.4050e+004  5.3189e+000 -3.6030e-005
5647  7.9998e+003  5.4050e+004  4.6399e+000 -3.4774e-005
5648  9.9998e+003  5.4051e+004  3.3687e+000 -3.3544e-005
5649  1.2000e+004  5.4051e+004  5.1304e+000 -3.3118e-005
5650  1.4000e+004  5.4051e+004  3.8488e+000 -3.0398e-005
5651  1.6000e+004  5.4051e+004  3.7596e+000 -3.0605e-005
5652  1.8000e+004  5.4051e+004  5.6426e+000 -2.9959e-005
5653  2.0000e+004  5.4051e+004  4.2319e+000 -2.7663e-005
5654  2.2000e+004  5.4051e+004  3.3291e+000 -2.9488e-005
5655  2.4000e+004  5.4051e+004  3.2377e+000 -2.9385e-005
5656  2.6000e+004  5.4051e+004  4.3763e+000 -2.9677e-005
5657  2.8000e+004  5.4051e+004  5.7852e+000 -3.0821e-005
5658  3.0000e+004  5.4051e+004  4.6309e+000 -2.9412e-005
5659  3.2000e+004  5.4051e+004  3.5806e+000 -3.1776e-005
5660  3.4000e+004  5.4051e+004  4.8133e+000 -3.1933e-005
5661  3.6000e+004  5.4051e+004  4.3774e+000 -3.3330e-005
5662  3.8000e+004  5.4051e+004  3.3042e+000 -3.2612e-005
5663  4.0000e+004  5.4051e+004  4.4386e+000 -3.3222e-005
5664  4.2000e+004  5.4051e+004  3.7237e+000 -3.3916e-005
5665  4.4000e+004  5.4051e+004  5.3715e+000 -3.3845e-005
5666  4.6000e+004  5.4051e+004  4.2459e+000 -3.5557e-005
5667  4.8000e+004  5.4051e+004  4.0065e+000 -3.6418e-005
5668  5.0000e+004  5.4050e+004  3.9982e+000 -3.5800e-005
5669  5.2000e+004  5.4050e+004  5.1148e+000 -3.6178e-005
5670  5.4000e+004  5.4050e+004  3.9330e+000 -3.8178e-005
5671  5.6000e+004  5.4049e+004  3.4723e+000 -3.9754e-005
5672  5.8000e+004  5.4048e+004  3.9112e+000 -4.1296e-005
5673  6.0000e+004  5.4045e+004  2.5034e+000 -4.0430e-005
5674  0.0000e+000  5.6026e+004 -4.5814e-002 -4.5631e-005
5675  1.9997e+003  5.6028e+004  2.4848e+000 -4.4810e-005
5676  3.9998e+003  5.6029e+004  3.2434e+000 -4.4012e-005
5677  5.9999e+003  5.6029e+004  3.4526e+000 -4.4171e-005
5678  7.9998e+003  5.6030e+004  3.5415e+000 -4.3511e-005
5679  9.9998e+003  5.6030e+004  2.8006e+000 -4.1417e-005
5680  1.2000e+004  5.6030e+004  3.4143e+000 -4.0742e-005
5681  1.4000e+004  5.6030e+004  2.8152e+000 -3.9758e-005
5682  1.6000e+004  5.6030e+004  3.2640e+000 -3.9158e-005
5683  1.8000e+004  5.6030e+004  3.5627e+000 -3.8718e-005
5684  2.0000e+004  5.6030e+004  3.0699e+000 -3.9066e-005
5685  2.2000e+004  5.6030e+004  3.2616e+000 -3.9963e-005
5686  2.4000e+004  5.6030e+004  2.8759e+000 -3.9913e-005
5687  2.6000e+004  5.6030e+004  3.0200e+000 -4.0046e-005
5688  2.8000e+004  5.6030e+004  3.8551e+000 -4.0763e-005
5689  3.0000e+004  5.6030e+004  2.9248e+000 -4.0336e-005
5690  3.2000e+004  5.6030e+004  2.9628e+000 -4.1397e-005
5691  3.4000e+004  5.6030e+004  3.4495e+000 -4.1449e-005
5692  3.6000e+004  5.6030e+004  3.4310e+000 -4.1384e-005
5693  3.8000e+004  5.6030e+004  2.7662e+000 -4.1169e-005
5694  4.0000e+004  5.6030e+004  2.6593e+000 -4.1615e-005
5695  4.2000e+004  5.6030e+004  3.1348e+000 -4.2007e-005
5696  4.4000e+004  5.6030e+004  3.3661e+000 -4.1569e-005
5697  4.6000e+004  5.6030e+004  2.9911e+000 -4.1780e-005
5698  4.8000e+004  5.6030e+004  2.7159e+000 -4.2817e-005
5699  5.0000e+004  5.6030e+004  3.2802e+000 -4.3118e-005
5700  5.2000e+004  5.6029e+004  3.6511e+000 -4.2919e-005
5701  5.4000e+004  5.6029e+004  3.0216e+000 -4.2746e-005
5702  5.6000e+004  5.6029e+004  3.1383e+000 -4.2653e-005
5703  5.8000e+004  5.6028e+004  3.6164e+000 -4.1805e-005
5704  6.0000e+004  5.6026e+004  2.5010e+000 -4.2686e-005
5705  0.0000e+000  5.8012e+004 -4.7007e-002 -4.6630e-005
5706  1.9997e+003  5.8013e+004  2.8247e+000 -4.7097e-005
5707  3.9999e+003  5.8014e+004  2.7154e+000 -4.6080e-005
5708  5.9999e+003  5.8014e+004  2.8995e+000 -4.4522e-005
5709  7.9999e+003  5.8014e+004  2.7087e+000 -4.3734e-005
5710  9.9999e+003  5.8014e+004  2.6384e+000 -4.1990e-005
5711  1.2000e+004  5.8014e+004  3.1167e+000 -4.1059e-005
5712  1.4000e+004  5.8014e+004  2.7804e+000 -4.0247e-005
5713  1.6000e+004  5.8014e+004  2.6976e+000 -4.1025e-005
5714  1.8000e+004  5.8014e+004  2.8065e+000 -4.0064e-005
5715  2.0000e+004  5.8014e+004  2.5907e+000 -4.0832e-005
5716  2.2000e+004  5.8014e+004  2.7645e+000 -4.0520e-005
5717  2.4000e+004  5.8014e+004  2.5683e+000 -4.0429e-005
5718  2.6000e+004  5.8014e+004  2.9104e+000 -4.0575e-005
5719  2.8000e+004  5.8014e+004  2.9371e+000 -4.0995e-005
5720  3.0000e+004  5.8014e+004  2.8559e+000 -4.1688e-005
5721  3.2000e+004  5.8014e+004  2.6241e+000 -4.1470e-005
5722  3.4000e+004  5.8014e+004  2.7894e+000 -4.1891e-005
5723  3.6000e+004  5.8014e+004  2.9031e+000 -4.1995e-005
5724  3.8000e+004  5.8014e+004  2.5678e+000 -4.2401e-005
5725  4.0000e+004  5.8014e+004  2.5841e+000 -4.2007e-005
5726  4.2000e+004  5.8014e+004  2.8952e+000 -4.2008e-005
5727  4.4000e+004  5.8014e+004  2.9176e+000 -4.1565e-005
5728  4.6000e+004  5.8014e+004  2.8422e+000 -4.1414e-005
5729  4.8000e+004  5.8014e+004  2.6705e+000 -4.1625e-005
5730  5.0000e+004  5.8014e+004  2.9466e+000 -4.1730e-005
5731  5.2000e+004  5.8014e+004  2.8883e+000 -4.1592e-005
5732  5.4000e+004  5.8014e+004  2.6147e+000 -4.1252e-005
5733  5.6000e+004  5.8014e+004  2.8515e+000 -4.0599e-005
5734  5.8000e+004  5.8013e+004  2.7734e+000 -4.0166e-005
5735  6.0000e+004  5.8012e+004  2.5037e+000 -3.9946e-005
5736  0.0000e+000  6.0000e+004 -4.7504e-002 -4.7208e-005
5737  1.9997e+003  6.0000e+004 -4.7295e-002 -4.6973e-005
5738  3.9999e+003  6.0000e+004  2.4974e+000 -4.6300e-005
5739  5.9999e+003  6.0000e+004  2.4983e+000 -4.5373e-005
5740  7.9999e+003  6.0000e+004  2.4996e+000 -4.4099e-005
5741  9.9999e+003  6.0000e+004  2.5008e+000 -4.2865e-005
5742  1.2000e+004  6.0000e+004  2.5019e+000 -4.1824e-005
5743  1.4000e+004  6.0000e+004  2.5026e+000 -4.1132e-005
5744  1.6000e+004  6.0000e+004  2.5026e+000 -4.1027e-005
5745  1.8000e+004  6.0000e+004  2.5029e+000 -4.0728e-005
5746  2.0000e+004  6.0000e+004  2.5028e+000 -4.0839e-005
5747  2.2000e+004  6.0000e+004  2.5031e+000 -4.0565e-005
5748  2.4000e+004  6.0000e+004  2.5029e+000 -4.0743e-005
5749  2.6000e+004  6.0000e+004  2.5028e+000 -4.0908e-005
5750  2.8000e+004  6.0000e+004  2.5027e+000 -4.0964e-005
5751  3.0000e+004  6.0000e+004  2.5021e+000 -4.1535e-005
5752  3.2000e+004  6.0000e+004  2.5016e+000 -4.2085e-005
5753  3.4000e+004  6.0000e+004  2.5013e+000 -4.2445e-005
5754  3.6000e+004  6.0000e+004  2.5007e+000 -4.3013e-005
5755  3.8000e+004  6.0000e+004  2.5006e+000 -4.3122e-005
5756  4.0000e+004  6.0000e+004  2.5010e+000 -4.2711e-005
5757  4.2000e+004  6.0000e+004  2.5015e+000 -4.2197e-005
5758  4.4000e+004  6.0000e+004  2.5014e+000 -4.2320e-005
5759  4.6000e+004  6.0000e+004  2.5018e+000 -4.1851e-005
5760  4.8000e+004  6.0000e+004  2.5017e+000 -4.1940e-005
5761  5.0000e+004  6.0000e+004  2.5025e+000 -4.1126e-005
5762  5.2000e+004  6.0000e+004  2.5031e+000 -4.0568e-005
5763  5.4000e+004  6.0000e+004  2.5033e+000 -4.0415e-005
5764  5.6000e+004  6.0000e+004  2.5033e+000 -4.0261e-005
5765  5.8000e+004  6.0000e+004 -4.0348e-002 -3.9980e-005
5766  6.0000e+004  6.0000e+004 -4.0882e-002 0
