0.000000e+000
0.000000e+000
2.860888e-001
1.403283e+000
6.770604e-001
1.261050e+000
5.140457e-001
9.445530e-001
1.463791e-002
7.482740e-002
5.489259e-001
7.635661e-001
6.566153e-001
9.269451e-001
7.096027e-001
1.305323e+000
5.300055e-001
6.118292e-001
4.240008e-002
1.200963e-001
5.649850e-001
8.693536e-001
7.583409e-001
1.478357e+000
2.806163e-001
4.984998e-001
3.942347e-001
4.654511e-001
3.749427e-001
9.659209e-001
7.602800e-001
1.367191e+000
5.728229e-001
1.099186e+000
2.188348e-001
5.726614e-001
3.382374e-001
1.306809e-001
8.549703e-001
9.430258e-001
5.713130e-001
8.674637e-001
1.698200e-001
2.755511e-001
3.584677e-001
4.465462e-001
7.766599e-001
1.140985e+000
8.176607e-001
1.602983e+000
4.471361e-001
1.376335e+000
4.284656e-001
8.905310e-001
6.556271e-002
1.482971e-001
3.189768e-001
6.837800e-001
6.641640e-001
1.462557e+000
2.544000e+000
2.544000e+000
0.000000e+000
1.294020e+000
1.036634e+000
4.810730e-001
8.345697e-001
2.972797e-001
1.298872e+000
1.571655e+000
5.770671e-001
2.780001e-001
7.761106e-001
1.876318e+000
1.256081e+000
2.803563e-001
1.404560e+000
1.804175e+000
8.739848e-001
2.463536e-001
4.815006e-001
1.275017e+000
1.245982e+000
7.610184e-001
2.912326e-001
6.153987e-001
1.689195e+000
2.000848e+000
1.040536e+000
3.305344e-001
6.600252e-001
1.657796e+000
2.544000e+000
0.000000e+000
2.507473e+000
1.162406e+000
6.488349e-001
1.558613e+000
1.283648e+000
1.077650e+000
1.294096e+000
8.859180e-001
1.825212e+000
1.279595e+000
2.214281e+000
1.515111e+000
9.228952e-001
2.221197e+000
2.707151e+000
1.547062e+000
3.311366e-001
7.610296e-001
2.114088e+000
2.590379e+000
2.623739e+000
1.375891e+000
6.167132e-001
1.871735e+000
3.162518e+000
1.870535e+000
6.767149e-001
4.301343e-001
1.891279e+000
2.544000e+000
0.000000e+000
4.202554e+000
2.249731e+000
1.371930e+000
3.531125e+000
2.332477e+000
3.295684e+000
2.168218e+000
2.942226e+000
4.507569e+000
2.262280e+000
4.596581e+000
2.607982e+000
3.454011e+000
5.329036e+000
1.953114e+000
9.034078e-001
3.168380e+000
2.185653e+000
2.578722e+000
6.610175e+000
4.394749e+000
1.550425e+000
4.511192e+000
6.967752e+000
6.640053e+000
2.622772e+000
4.313898e+000
1.594477e+000
4.171767e+000
2.544000e+000
0.000000e+000
1.511865e+001
4.255677e+000
1.416761e+001
8.254326e+000
1.117958e+001
5.801424e+000
9.281910e+000
4.236819e+000
1.451304e+001
1.288976e+001
9.690188e+000
9.428800e+000
6.524338e+000
1.435577e+001
6.039196e+000
1.070083e+001
6.610874e+000
1.375349e+001
5.009126e+000
1.241210e+001
1.460321e+001
8.700611e+000
3.314404e+000
8.335098e+000
1.359933e+001
1.188411e+001
1.230341e+001
4.322554e+000
6.593715e+000
2.544000e+000
0.000000e+000
1.712730e+001
2.410910e+001
2.663648e+001
3.033199e+001
2.163526e+001
3.384321e+001
2.622804e+001
1.058835e+001
3.170568e+001
2.910339e+001
4.290793e+001
2.046151e+001
2.359954e+001
2.132212e+001
2.568267e+001
1.623847e+001
2.771701e+001
2.806977e+001
1.033960e+001
3.765568e+001
4.395850e+001
2.244700e+001
2.742985e+001
2.312646e+001
3.535398e+001
4.308729e+001
1.997543e+001
1.488479e+001
4.294230e+001
2.544000e+000
0.000000e+000
3.021286e+001
7.048528e+001
8.108564e+001
4.712697e+001
2.845976e+001
7.125748e+001
7.369264e+001
2.758931e+001
4.616747e+001
9.293635e+001
8.013824e+001
3.694352e+001
8.415699e+001
3.411336e+001
6.728643e+001
1.930986e+001
7.706179e+001
7.690031e+001
3.935515e+001
9.744069e+001
9.471174e+001
5.511200e+001
4.187643e+001
7.266627e+001
5.436077e+001
8.726177e+001
2.350810e+001
7.545026e+001
8.313945e+001
2.544000e+000
0.000000e+000
6.351100e+001
1.657635e+002
1.365897e+002
1.189230e+002
5.156748e+001
1.628307e+002
1.069121e+002
9.963473e+001
5.643236e+001
1.734310e+002
1.237746e+002
7.901765e+001
1.731771e+002
7.807989e+001
1.482483e+002
6.289727e+001
1.510437e+002
1.519140e+002
6.870803e+001
1.573396e+002
1.811042e+002
7.314451e+001
1.449942e+002
1.802222e+002
9.779405e+001
1.584894e+002
7.577683e+001
1.496050e+002
1.739811e+002
2.544000e+000
0.000000e+000
1.482531e+002
2.797811e+002
2.274866e+002
2.655583e+002
8.315911e+001
2.290131e+002
2.068005e+002
1.539798e+002
1.014237e+002
2.632974e+002
2.729621e+002
1.677866e+002
2.016443e+002
1.464063e+002
2.558686e+002
9.575653e+001
1.754866e+002
2.490986e+002
1.836711e+002
1.899816e+002
3.111314e+002
1.792093e+002
1.773607e+002
2.899533e+002
1.898096e+002
2.492816e+002
1.351833e+002
1.704286e+002
2.634495e+002
2.544000e+000
0.000000e+000
2.366103e+002
4.065936e+002
3.560556e+002
2.954705e+002
2.192749e+002
3.689696e+002
2.802716e+002
2.313569e+002
1.456160e+002
3.297081e+002
4.171882e+002
2.685228e+002
2.134151e+002
2.708542e+002
2.914979e+002
2.316973e+002
1.820812e+002
3.769276e+002
3.371541e+002
1.909224e+002
4.366853e+002
2.866329e+002
2.049249e+002
3.926669e+002
3.690287e+002
2.677734e+002
2.077968e+002
1.672164e+002
3.550502e+002
2.544000e+000
0.000000e+000
2.905831e+002
5.108705e+002
5.090873e+002
2.526724e+002
3.940169e+002
5.341682e+002
3.267384e+002
4.565485e+002
2.226917e+002
3.643858e+002
5.005829e+002
3.681405e+002
3.190989e+002
4.582735e+002
3.644480e+002
3.921277e+002
2.066674e+002
4.077057e+002
4.779319e+002
3.501815e+002
4.705161e+002
3.221904e+002
2.745536e+002
4.309108e+002
5.516021e+002
3.759621e+002
4.014121e+002
2.995696e+002
4.258594e+002
2.544000e+000
0.000000e+000
4.249117e+002
5.831781e+002
5.133370e+002
3.578563e+002
4.360613e+002
5.330008e+002
4.142532e+002
5.142167e+002
3.635786e+002
5.991000e+002
5.542230e+002
4.362150e+002
4.529928e+002
5.621771e+002
5.551473e+002
4.180842e+002
3.414351e+002
4.040364e+002
6.170426e+002
5.308703e+002
4.122777e+002
4.569258e+002
5.014103e+002
4.334487e+002
6.243362e+002
4.654112e+002
5.369506e+002
3.826178e+002
4.159840e+002
2.544000e+000
0.000000e+000
5.214633e+002
7.408985e+002
5.784562e+002
5.076861e+002
6.158046e+002
6.296749e+002
5.804112e+002
5.797636e+002
4.800493e+002
6.066717e+002
6.569521e+002
6.880016e+002
6.493866e+002
7.559074e+002
6.794376e+002
5.372249e+002
5.489196e+002
4.474633e+002
6.851119e+002
6.058877e+002
6.697144e+002
6.418302e+002
5.600423e+002
5.001074e+002
7.177362e+002
6.638454e+002
6.074374e+002
6.298147e+002
6.278081e+002
2.544000e+000
0.000000e+000
8.540054e+002
8.122469e+002
7.781665e+002
7.084684e+002
7.623007e+002
8.791133e+002
8.396820e+002
7.568514e+002
6.415627e+002
6.857778e+002
8.844810e+002
8.749357e+002
8.753009e+002
8.897773e+002
8.882668e+002
7.738463e+002
7.011500e+002
6.870334e+002
7.612160e+002
8.481554e+002
8.351651e+002
8.654853e+002
8.022162e+002
7.595954e+002
8.340088e+002
8.932406e+002
8.830789e+002
8.833212e+002
7.540069e+002
2.544000e+000
0.000000e+000
8.044335e+002
7.936413e+002
8.529660e+002
9.310571e+002
9.138889e+002
9.093909e+002
8.828722e+002
9.041413e+002
9.049193e+002
8.919231e+002
8.867442e+002
8.743912e+002
8.466124e+002
8.441923e+002
9.254643e+002
9.667229e+002
8.377466e+002
8.892033e+002
8.571923e+002
8.939063e+002
8.395020e+002
8.570332e+002
8.779896e+002
8.489415e+002
8.536681e+002
9.247188e+002
8.864076e+002
8.457822e+002
9.254137e+002
2.544000e+000
0.000000e+000
7.280284e+002
5.765786e+002
6.995409e+002
8.140795e+002
7.538741e+002
6.496121e+002
7.040487e+002
7.818594e+002
7.957449e+002
7.658372e+002
7.472461e+002
6.405444e+002
5.960668e+002
6.059038e+002
6.930622e+002
7.791671e+002
7.395147e+002
6.670286e+002
6.693495e+002
7.055530e+002
6.334477e+002
6.211044e+002
7.607590e+002
6.631030e+002
6.048239e+002
7.474905e+002
6.624219e+002
6.038680e+002
6.692319e+002
2.544000e+000
0.000000e+000
5.673817e+002
3.984693e+002
5.041204e+002
6.184815e+002
5.676060e+002
5.474161e+002
5.498141e+002
6.550810e+002
5.983939e+002
5.214436e+002
6.818159e+002
4.507260e+002
4.038442e+002
4.579178e+002
5.939008e+002
5.476134e+002
4.649640e+002
5.743570e+002
5.142185e+002
4.826958e+002
4.541888e+002
5.301457e+002
5.176888e+002
6.104142e+002
4.459594e+002
4.751957e+002
5.176159e+002
3.944638e+002
6.174702e+002
2.544000e+000
0.000000e+000
4.741184e+002
2.980468e+002
4.202657e+002
4.223485e+002
4.446137e+002
4.031577e+002
3.794511e+002
5.047721e+002
4.408521e+002
3.631647e+002
5.214132e+002
3.979768e+002
3.139253e+002
4.274210e+002
3.985758e+002
4.623249e+002
3.576040e+002
5.274423e+002
3.671536e+002
3.168893e+002
4.596448e+002
3.484795e+002
3.645924e+002
4.885666e+002
3.264545e+002
4.359462e+002
3.380599e+002
2.932569e+002
4.777359e+002
2.544000e+000
0.000000e+000
2.616306e+002
2.660406e+002
2.858966e+002
3.275917e+002
4.175733e+002
2.466175e+002
2.417017e+002
3.267162e+002
4.103170e+002
2.355899e+002
3.136400e+002
2.288520e+002
2.962824e+002
2.846969e+002
3.519230e+002
4.415035e+002
2.234848e+002
3.681606e+002
2.399488e+002
3.252674e+002
3.962147e+002
1.956101e+002
3.288759e+002
4.189339e+002
2.393920e+002
2.825022e+002
2.147153e+002
2.954289e+002
4.154375e+002
2.544000e+000
0.000000e+000
1.451272e+002
2.343452e+002
2.089430e+002
2.484727e+002
2.977289e+002
1.807441e+002
2.149340e+002
1.795573e+002
2.963468e+002
1.630033e+002
2.421820e+002
1.310622e+002
2.876602e+002
2.113218e+002
2.488590e+002
2.845248e+002
1.696792e+002
3.052464e+002
1.849470e+002
2.328574e+002
2.822118e+002
1.303319e+002
2.722962e+002
3.237860e+002
2.009075e+002
1.388820e+002
1.610148e+002
2.068677e+002
2.723528e+002
2.544000e+000
0.000000e+000
1.420922e+002
1.301030e+002
1.563185e+002
1.319462e+002
1.708336e+002
1.278633e+002
1.644872e+002
1.361163e+002
1.856057e+002
1.021025e+002
1.758539e+002
8.130317e+001
1.910165e+002
1.657812e+002
1.386688e+002
1.490148e+002
1.391931e+002
2.059153e+002
1.324420e+002
1.466548e+002
1.872963e+002
8.307547e+001
1.823695e+002
2.167051e+002
1.688318e+002
8.709373e+001
1.319433e+002
1.183591e+002
1.777772e+002
2.544000e+000
0.000000e+000
4.205999e+001
1.110503e+002
9.715096e+001
9.181631e+001
5.832925e+001
1.030019e+002
5.730690e+001
1.188344e+002
1.235536e+002
7.036051e+001
1.008153e+002
5.791845e+001
1.049021e+002
8.746268e+001
8.643584e+001
7.131468e+001
9.872625e+001
1.174931e+002
5.268119e+001
1.164041e+002
1.237662e+002
5.080958e+001
1.125492e+002
1.115528e+002
9.677574e+001
5.015117e+001
6.488067e+001
9.051548e+001
1.296122e+002
2.544000e+000
0.000000e+000
3.054877e+001
6.300339e+001
6.778050e+001
2.628430e+001
4.254010e+001
6.729377e+001
3.154237e+001
6.737826e+001
5.943226e+001
2.892536e+001
4.807495e+001
2.769296e+001
6.893798e+001
6.963701e+001
3.103836e+001
5.872649e+001
4.079212e+001
6.849543e+001
2.974857e+001
7.336449e+001
6.473840e+001
3.155088e+001
6.094355e+001
5.905922e+001
5.888609e+001
4.346976e+001
5.540339e+001
3.505701e+001
6.785757e+001
2.544000e+000
0.000000e+000
1.164363e+001
3.295638e+001
3.887804e+001
1.375237e+001
3.770646e+001
3.543792e+001
1.951514e+001
3.442063e+001
3.611976e+001
1.533482e+001
3.917920e+001
2.037527e+001
2.976948e+001
3.470661e+001
1.944066e+001
1.724524e+001
3.491760e+001
4.136099e+001
1.714156e+001
3.694944e+001
3.777873e+001
1.580073e+001
2.119326e+001
3.651029e+001
2.743671e+001
2.768208e+001
2.371983e+001
2.758634e+001
4.569841e+001
2.544000e+000
0.000000e+000
1.615752e+001
1.334854e+001
2.103846e+001
7.031372e+000
1.577971e+001
1.842148e+001
1.128347e+001
2.282360e+001
2.181066e+001
8.407683e+000
1.496904e+001
1.386605e+001
1.338480e+001
2.028832e+001
7.660459e+000
1.356632e+001
2.386503e+001
1.442110e+001
9.720884e+000
1.663741e+001
1.846699e+001
1.242266e+001
2.241983e+001
1.346788e+001
1.677014e+001
1.349556e+001
1.834973e+001
9.809584e+000
2.018024e+001
2.544000e+000
0.000000e+000
3.263198e+000
7.895405e+000
8.987331e+000
5.439536e+000
7.962129e+000
9.589945e+000
4.947452e+000
8.137696e+000
9.180571e+000
6.081740e+000
8.427354e+000
5.366313e+000
7.385194e+000
8.907514e+000
5.629703e+000
7.412460e+000
1.035913e+001
6.040135e+000
6.872790e+000
6.998383e+000
4.575794e+000
8.329550e+000
9.548406e+000
6.566945e+000
4.742693e+000
7.060888e+000
9.500573e+000
4.147311e+000
9.063128e+000
2.544000e+000
0.000000e+000
3.287253e+000
4.998221e+000
5.354767e+000
4.674473e+000
3.402193e+000
5.163444e+000
3.879194e+000
3.790145e+000
5.672355e+000
4.259525e+000
3.358488e+000
3.267036e+000
4.406053e+000
5.815788e+000
4.660296e+000
3.612281e+000
4.845143e+000
4.410691e+000
3.336866e+000
4.471877e+000
3.757641e+000
5.405417e+000
4.281556e+000
4.042870e+000
4.033973e+000
5.150949e+000
3.971197e+000
3.512087e+000
3.952643e+000
2.544000e+000
0.000000e+000
2.529863e+000
3.287642e+000
3.497088e+000
3.585342e+000
2.842227e+000
3.455233e+000
2.855189e+000
3.303338e+000
3.601646e+000
3.109026e+000
3.301735e+000
2.915946e+000
3.060258e+000
3.896120e+000
2.965322e+000
3.004511e+000
3.491308e+000
3.472639e+000
2.807548e+000
2.701199e+000
3.177011e+000
3.407911e+000
3.033179e+000
2.758959e+000
3.323581e+000
3.694340e+000
3.064637e+000
3.181236e+000
3.658513e+000
2.544000e+000
0.000000e+000
2.872208e+000
2.761833e+000
2.944341e+000
2.752718e+000
2.680724e+000
3.158083e+000
2.820897e+000
2.738970e+000
2.846842e+000
2.631897e+000
2.805382e+000
2.609089e+000
2.951279e+000
2.978508e+000
2.897886e+000
2.665798e+000
2.831544e+000
2.945382e+000
2.610488e+000
2.626386e+000
2.937579e+000
2.959485e+000
2.883954e+000
2.712484e+000
2.988714e+000
2.930285e+000
2.656372e+000
2.892469e+000
2.813941e+000
2.544000e+000
0.000000e+000
0.000000e+000
2.544000e+000
2.544000e+000
2.544000e+000
2.544000e+000
2.544000e+000
2.544000e+000
2.544000e+000
2.544000e+000
2.544000e+000
2.544000e+000
2.544000e+000
2.544000e+000
2.544000e+000
2.544000e+000
2.544000e+000
2.544000e+000
2.544000e+000
2.544000e+000
2.544000e+000
2.544000e+000
2.544000e+000
2.544000e+000
2.544000e+000
2.544000e+000
2.544000e+000
2.544000e+000
2.544000e+000
0.000000e+000
0.000000e+000
